8 0.22101894174685746 0.8437681955984175 0.41752096208787426 0.05351170568561875
8 0.29877369007803795 0.5539452495974235 0.004459308807134903 0.017837235228539684
8 0.7965440356744705 0.5935835501052893 0.3846153846153846 0.2160287377678682
8 0.6599777034559642 0.41917502787068 0.05351170568561869 0.03765638548247246
8 0.6499442586399107 0.366654279697758 0.05351170568561869 0.039638300507865695
8 0.6421404682274248 0.3022420413724761 0.04682274247491641 0.033692555431685846
8 0.5758082497212932 0.20215533259011523 0.17502787068004452 0.03567447045707919
8 0.4119286510590858 0.405301622692927 0.03232998885172798 0.025764895330112694
8 0.4464882943143813 0.35773566208348817 0.021181716833890717 0.025764895330112694
8 0.4169453734671127 0.33890746934225197 0.01560758082497209 0.015855320203146304
