12 0.5172798216276476 0.12386968908708038 0.3433667781493868 0.1010776662950576
12 0.23411371237458195 0.4855691812213551 0.06020066889632105 0.09116809116809108
12 0.2809364548494983 0.46773194599281553 0.031215161649944284 0.11495107147281061
12 0.3311036789297659 0.46178620091663575 0.06688963210702341 0.1189149015235973
12 0.5362318840579711 0.3864734299516908 0.03121516164994418 0.039638300507865765
12 0.5752508361204014 0.38845534497708406 0.024526198439241823 0.04360213055865231
12 0.6164994425863991 0.3924191750278706 0.026755852842809347 0.05152979066022546
12 0.6532887402452618 0.39043726000247736 0.02006688963210692 0.06342128081258522
12 0.6928651059085843 0.4013377926421405 0.0234113712374581 0.07333085593955162
12 0.7307692307692308 0.41322928279450016 0.018952062430323338 0.07333085593955162
12 0.7725752508361203 0.43602130558652297 0.022296544035674513 0.07531277096494492
