9 0.6454849498327759 0.17837235228539577 0.20512820512820512 0.14666171187910318
9 0.11649944258639909 0.522234609191131 0.08361204013377925 0.06143936578719192
9 0.22575250836120403 0.519261736653041 0.0858416945373467 0.06342128081258508
9 0.326644370122631 0.5242165242165242 0.07580824972129321 0.069367025888765
9 0.427536231884058 0.5252074817292208 0.07692307692307693 0.06342128081258508
9 0.520066889632107 0.5252074817292208 0.07915273132664445 0.07134894091415823
9 0.617056856187291 0.5261984392419176 0.07915273132664438 0.06540319583797846
9 0.7006688963210703 0.5261984392419174 0.06354515050167237 0.07333085593955153
9 0.7926421404682276 0.5143069490895578 0.0713489409141583 0.05351170568561869
9 0.8595317725752508 0.5965564226433792 0.26978818283166106 0.07927660101573153
