9 0.5780379041248607 0.22891118543292457 0.3712374581939799 0.10504149634584423
9 0.08807134894091416 0.41818407035798344 0.05351170568561873 0.04360213055865231
9 0.14102564102564102 0.41818407035798344 0.03678929765886288 0.047565960609438844
9 0.20401337792642138 0.41521119781989346 0.04459308807134892 0.041620215533259
9 0.25863991081382387 0.4132292827945003 0.04236343366778151 0.04558404558404554
9 0.31605351170568563 0.4171931128452868 0.04347826086956516 0.041620215533259
9 0.3673355629877369 0.41917502787068 0.04347826086956523 0.05747553573640524
9 0.4175027870680044 0.42214790040877 0.04124860646599778 0.04756596060943892
9 0.46321070234113715 0.4241298154341632 0.034559643255295355 0.05152979066022546
9 0.5914158305462653 0.45980428589124245 0.23299888517279818 0.06738511086337176
9 0.854515050167224 0.4380032206119162 0.2441471571906355 0.06342128081258515
