3 0.1036789297658863 0.24773937817416075 0.20066889632107024 0.09116809116809119
3 0.05128205128205128 0.35575374705809487 0.07357859531772575 0.041620215533259
3 0.13433667781493866 0.35674470457079155 0.06800445930880711 0.03171064040629261
3 0.21683389074693424 0.35178991700730833 0.07246376811594199 0.04558404558404554
3 0.3171683389074693 0.34584417193112843 0.07469342251950944 0.04558404558404554
3 0.40914158305462656 0.34980800198191503 0.0624303232998885 0.045584045584045614
3 0.4710144927536231 0.3418803418803419 0.045707915273132685 0.049547875634832116
3 0.5312151616499442 0.3428712993930385 0.045707915273132615 0.047565960609438844
3 0.5852842809364549 0.3389074693422519 0.040133779264214124 0.055493620711011965
3 0.6471571906354515 0.3408893843676452 0.04347826086956523 0.03567447045707908
3 0.7402452619843924 0.4112473677691069 0.24303232998885171 0.041620215533259
3 0.5668896321070234 0.41223832528180354 0.07692307692307701 0.04360213055865223
3 0.36900780379041254 0.4181840703579834 0.05574136008918622 0.03171064040629261
3 0.28595317725752506 0.41917502787068 0.05462653288740242 0.04162021553325907
4 0.8015607580824973 0.25764895330112725 0.3455964325529542 0.06738511086337173
