4 0.7140468227424749 0.20711012015359842 0.24414715719063537 0.061439365787191884
3 0.70958751393534 0.31611544655022916 0.07692307692307679 0.037656385482472424
3 0.6270903010033444 0.31215161649944256 0.05908584169453739 0.02576489533011273
3 0.5585284280936454 0.31710640406292584 0.046822742474916336 0.027746810355506035
3 0.15105908584169453 0.21028118117006536 0.30211817168338906 0.051133413703471436
3 0.08361204013377926 0.2834138486312399 0.05574136008918618 0.027746810355506035
3 0.1505016722408027 0.2844048061439366 0.05351170568561873 0.041620215533259
3 0.20401337792642138 0.2814319336058466 0.040133779264214055 0.039638300507865695
3 0.2591973244147157 0.2794500185804534 0.045707915273132685 0.03171064040629254
3 0.3110367892976588 0.27647714604236345 0.03790412486064664 0.041620215533259
3 0.37904124860646604 0.2764771460423634 0.057971014492753596 0.02972872538089927
3 0.4358974358974359 0.26755852842809363 0.046822742474916336 0.039638300507865765
3 0.48272017837235226 0.2655766134027004 0.03121516164994425 0.04360213055865231
3 0.5239687848383501 0.266567570915397 0.031215161649944322 0.03765638548247246
3 0.5696767001114827 0.2655766134027004 0.03567447045707915 0.03171064040629261
3 0.7346711259754738 0.26062182583921717 0.1783723522853957 0.025764895330112766
