3 0.3138238573021182 0.3319707667533754 0.3734671125975474 0.07333085593955158
3 0.7268673355629878 0.46674098848011897 0.06465997770345609 0.03765638548247246
3 0.915273132664437 0.45782237086584915 0.06465997770345609 0.03567447045707908
3 0.7959866220735785 0.39737396259135394 0.1872909698996655 0.025764895330112694
3 0.11984392419175029 0.42214790040877 0.07469342251950949 0.04756596060943892
3 0.19397993311036787 0.41521119781989346 0.04682274247491641 0.033692555431685915
3 0.2658862876254181 0.4132292827945003 0.061315496098104806 0.04558404558404554
3 0.334448160535117 0.4112473677691069 0.04236343366778151 0.041620215533259
3 0.39632107023411367 0.4072835377183203 0.04347826086956523 0.04954787563483215
3 0.4654403567447045 0.41818407035798344 0.04124860646599778 0.05152979066022546
3 0.5139353400222966 0.4072835377183203 0.040133779264214055 0.033692555431685846
3 0.600334448160535 0.40232875015483716 0.043478260869565306 0.039638300507865695
3 0.6744704570791527 0.40431066518023046 0.04905239687848379 0.04360213055865223
