8 0.8127090301003345 0.7444072805135559 0.3745819397993311 0.20849745462304908
8 0.693422519509476 0.5361080143688839 0.07803790412486052 0.03765638548247239
8 0.681159420289855 0.46773194599281553 0.0713489409141583 0.03567447045707915
8 0.6610925306577481 0.38151864238820765 0.05797101449275353 0.029728725380899376
8 0.5752508361204014 0.24278459061067756 0.2385730211817168 0.05351170568561869
8 0.2848383500557414 0.6183574879227053 0.07023411371237458 0.047565960609438775
8 0.08807134894091416 0.6946612164003468 0.006688963210702337 0.005945745076179918
8 0.35451505016722407 0.5212436516784342 0.040133779264213985 0.031710640406292685
8 0.3985507246376811 0.45385854081506255 0.030100334448160525 0.03567447045707915
8 0.3573021181716834 0.4261117304595565 0.025641025641025692 0.02378298030471946
