4 0.11594202898550723 0.5152979066022545 0.18283166109253063 0.04360213055865231
4 0.2642140468227425 0.4647590734547256 0.11594202898550723 0.04954787563483215
4 0.3573021181716834 0.41620215533259014 0.07469342251950949 0.03567447045707915
4 0.5183946488294314 0.3389074693422519 0.05574136008918622 0.027746810355506
4 0.7017837235228541 0.5380899293942772 0.05462653288740242 0.07333085593955162
4 0.7965440356744705 0.6243032329988851 0.12374581939799327 0.11891490152359716
4 0.8394648829431438 0.571782484825963 0.11817168338907465 0.12486064659977707
4 0.7346711259754738 0.5053883314752879 0.062430323299888645 0.0713489409141583
4 0.6783723522853958 0.46674098848011897 0.03232998885172791 0.041620215533259
4 0.6404682274247492 0.44593088071348946 0.018952062430323338 0.02378298030471946
