12 0.2703455964325529 0.34683512944382516 0.05016722408026755 0.03567447045707915
12 0.3010033444816054 0.31116065898674594 0.06020066889632112 0.03567447045707915
12 0.3311036789297659 0.34683512944382505 0.05351170568561869 0.023782980304719387
12 0.3823857302118172 0.34782608695652173 0.04459308807134896 0.03765638548247239
12 0.4604236343366778 0.3190883190883191 0.08249721293199556 0.031710640406292574
12 0.4342251950947603 0.35178991700730833 0.04124860646599778 0.029728725380899233
12 0.4894091415830546 0.3527808745200049 0.04236343366778151 0.027746810355505927
12 0.5473801560758083 0.34782608695652173 0.04459308807134896 0.029728725380899306
12 0.6036789297658863 0.3547627895453982 0.04793756967670006 0.03171064040629254
12 0.6304347826086957 0.322061191626409 0.08361204013377929 0.037656385482472424
12 0.66164994425864 0.3597175771088814 0.05462653288740242 0.029728725380899233
12 0.7235228539576366 0.3537718320327016 0.04905239687848379 0.033692555431685846
12 0.81438127090301 0.3309798092406788 0.1014492753623189 0.03567447045707912
12 0.7881828316610925 0.35872661959618485 0.06020066889632119 0.03171064040629254
12 0.8467112597547382 0.35773566208348817 0.05016722408026752 0.02180106527932608
12 0.9169453734671126 0.36070853462157815 0.05685618729096973 0.03567447045707915
12 0.975473801560758 0.5559271646228169 0.03567447045707908 0.06540319583797846
12 0.10925306577480491 0.3428712993930385 0.031215161649944267 0.03171064040629254
12 0.07413600891861762 0.34584417193112843 0.02787068004459308 0.025764895330112694
12 0.04180602006688963 0.34386225690573513 0.023411371237458192 0.033692555431685846
12 0.5953177257525083 0.21801065279326146 0.7134894091415829 0.11495107147281057
