10 0.22490221642764016 0.5643922932058525 0.09256844850065185 0.05794582065768509
10 0.34680573663624514 0.5226713023323193 0.07040417209908742 0.05794582065768502
10 0.45045632333767927 0.48326814428509346 0.061277705345501934 0.04403882369984061
10 0.5384615384615385 0.42995798928002316 0.049543676662320665 0.03940315804722587
10 0.5801825293350718 0.3407214254671882 0.052151238591916636 0.027813993915688826
10 0.6277705345501956 0.3372446762277271 0.04041720990873529 0.030131826741996194
10 0.6786179921773143 0.3349268434014197 0.05084745762711876 0.030131826741996298
10 0.729465449804433 0.3302911777488049 0.05606258148631028 0.025496161089381422
10 0.7790091264667537 0.33376792698826596 0.05606258148631042 0.02781399391568886
10 0.8305084745762712 0.32797334492249747 0.0547588005215124 0.025496161089381495
10 0.8813559322033899 0.3302911777488049 0.04432855280312907 0.034767492394611035
10 0.9308996088657104 0.32913226133565116 0.039113428943937406 0.04172099087353327
