12 0.3412483039348711 0.18091361374943463 0.04477611940298512 0.04341926729986431
12 0.3934871099050203 0.1760892507161164 0.04884667571234736 0.05306799336650082
12 0.4491180461329715 0.17729534147444595 0.05156037991858888 0.05548017488315997
12 0.5047489823609227 0.18091361374943468 0.05156037991858895 0.04824363033318258
12 0.5624151967435549 0.1785014322327755 0.04748982360922653 0.04341926729986431
12 0.6248303934871099 0.18211970450776424 0.061058344640434255 0.045831448816523464
12 0.6913161465400272 0.17729534147444595 0.05834464043419274 0.0506558118498417
12 0.7652645861601084 0.1760892507161164 0.05698778833107198 0.03859490426654604
12 0.8595658073270013 0.4969093924317805 0.2103120759837178 0.13508216493291123
12 0.8270013568521031 0.6886778230061812 0.05834464043419274 0.05548017488315992
12 0.898236092265943 0.7646615407809437 0.07869742198100398 0.07718980853309204
12 0.9715061058344641 0.8806874680515508 0.05698778833107184 0.10661841567493965
