11 0.49478487614080835 0.31870201361726785 0.2542372881355932 0.057945820657685054
11 0.41720990873533237 0.5539620454874692 0.10951760104302478 0.04172099087353324
11 0.257496740547588 0.40098507895118063 0.07431551499348106 0.023178328263074022
11 0.10625814863102999 0.3604230044908011 0.09517601043024772 0.025496161089381388
11 0.22620599739243807 0.3430392582934957 0.08474576271186439 0.023178328263074022
11 0.30443285528031294 0.279298855570042 0.05867014341590611 0.039403158047225835
11 0.379400260756193 0.267709691438505 0.036505867014341574 0.044038823699840676
11 0.5130378096479791 0.24337244676227726 0.04041720990873536 0.04172099087353327
11 0.6271186440677966 0.23989569752281617 0.039113428943937406 0.04403882369984064
11 0.7444589308996089 0.22598870056497178 0.031290743155149986 0.04867448935245548
11 0.8676662320730116 0.22019411849920323 0.05084745762711876 0.046356656526148045
11 0.5801825293350718 0.2711864406779661 0.08344198174706648 0.018542662610459216
11 0.6877444589308996 0.26423294219904386 0.07953063885267284 0.023178328263074022
11 0.7940026075619295 0.2538026944806606 0.08083441981747072 0.020860495436766654
11 0.3409387222946545 0.310589598725192 0.05084745762711858 0.023178328263074057
