11 0.4765319426336376 0.2862523540489642 0.2516297262059974 0.06721715196291467
11 0.39895697522816165 0.53541938287701 0.11212516297262062 0.0324496595683037
11 0.23989569752281617 0.3824424163407214 0.07561929595827906 0.027813993915688826
11 0.08213820078226858 0.3372446762277271 0.0938722294654498 0.020860495436766584
11 0.19817470664928294 0.3198609300304216 0.09908735332464146 0.03244965956830367
11 0.3220338983050847 0.2943647689410402 0.0573663624511082 0.0417209908735333
11 0.28683181225554105 0.2619151093727365 0.04432855280312907 0.050992322178762844
11 0.36375488917861803 0.24684919600173838 0.03650586701434164 0.044038823699840676
11 0.5013037809647979 0.22367086773866432 0.05084745762711869 0.04403882369984064
11 0.5736636245110821 0.2526437780675069 0.08865710560625815 0.03244965956830363
11 0.6147327249022164 0.22019411849920323 0.035202086049543696 0.046356656526148045
11 0.682529335071708 0.24221353034912355 0.08474576271186436 0.02086049543676662
11 0.7340286831812256 0.19353904099666813 0.052151238591916636 0.057945820657685054
11 0.7940026075619295 0.23641894828335505 0.0938722294654498 0.03244965956830363
11 0.864406779661017 0.19238012458351442 0.049543676662320735 0.06489931913660728
