2 0.4929006085192698 0.05983772819472617 0.35370182555780927 0.09939148073022314
2 0.5231364097363084 0.17139959432048685 0.12208417849898581 0.08316430020283977
2 0.3862195740365111 0.1643002028397566 0.13577586206896547 0.08113590263691686
2 0.233329107505071 0.4391480730223124 0.06275354969574039 0.04665314401622716
2 0.23275862068965517 0.5010141987829615 0.05704868154158213 0.05679513184584181
2 0.23275862068965517 0.5943204868154158 0.07074036511156184 0.06490872210953348
2 0.23447008113590265 0.6977687626774848 0.08329107505070997 0.08519269776876257
2 0.25158468559837727 0.8407707910750507 0.11752028397565926 0.09127789046653134
2 0.17171653144016225 0.8823529411764706 0.11295638945233268 0.10547667342799201
2 0.770727687626775 0.41379310344827586 0.058189655172413805 0.04868154158215013
2 0.8066683569979716 0.45131845841784984 0.061612576064908636 0.04665314401622723
2 0.8779792089249493 0.5101419878296146 0.07416328600405678 0.054766734279918836
2 0.9538539553752534 0.5851926977687626 0.07074036511156194 0.054766734279918836
2 0.9598123732251521 0.26389452023148297 0.08037525354969574 0.049087214905156565
2 0.297223630831643 0.2738336713995943 0.06275354969574032 0.052738336713995936
2 0.35655425963488846 0.27687626774847873 0.05362576064908722 0.05476673427991887
2 0.42158975659229214 0.2829614604462474 0.04906186612576072 0.050709939148073035
2 0.48719574036511154 0.2758620689655173 0.063894523326572 0.04056795131845842
2 0.5539426977687627 0.2738336713995943 0.06731744421906698 0.04056795131845842
2 0.6332403651115618 0.2718052738336714 0.07530425963488846 0.04462474645030426
