13 0.2435978701825558 0.35902636916835706 0.030806288032454353 0.04462474645030419
13 0.2977941176470588 0.3813387423935092 0.027383367139959452 0.04462474645030419
13 0.35256085192697767 0.4016227180527383 0.020537525354969544 0.03651115618661251
13 0.4130324543610548 0.41784989858012167 0.025101419878296127 0.04462474645030433
13 0.47692697768762676 0.44421906693711966 0.02966531440162271 0.052738336713995866
13 0.5413919878296146 0.45841784989858014 0.021678498985801226 0.04462474645030426
13 0.6030045638945234 0.4776876267748479 0.03308823529411761 0.04259634888438136
13 0.5585065922920892 0.23833671399594322 0.3913539553752535 0.050709939148073035
13 0.1443331643002028 0.2231237322515213 0.28866632860040564 0.06085192697768761
13 0.8774087221095335 0.36206896551724144 0.02281947261663291 0.026369168356998002
13 0.9344574036511156 0.3782961460446248 0.020537525354969544 0.030425963488843806
13 0.9755324543610547 0.38640973630831643 0.03194726166328607 0.030425963488843875
2 0.0741632860040568 0.5578093306288033 0.045638945233265726 0.04868154158215006
2 0.1169497971602434 0.5466531440162272 0.044497971602434065 0.050709939148073105
2 0.1563133874239351 0.5395537525354969 0.03651115618661258 0.03651115618661258
2 0.1882606490872211 0.5354969574036511 0.041075050709939165 0.03651115618661251
2 0.2230603448275862 0.5294117647058824 0.03308823529411768 0.032454361054766775
2 0.2498732251521298 0.5121703853955375 0.04335699797160242 0.030425963488843875
2 0.2863843813387424 0.4969574036511156 0.054766734279918836 0.03651115618661251
