12 0.32903663500678426 0.16764661540780942 0.04477611940298505 0.06030453791647819
12 0.38738127544097695 0.1760892507161164 0.05020352781546812 0.05789235639981911
12 0.44165535956580726 0.17367706919945725 0.05020352781546812 0.05306799336650084
12 0.4972862957937585 0.1724709784411277 0.044776119402985017 0.050655811849841685
12 0.5603799185888738 0.16764661540780942 0.04884667571234736 0.06030453791647819
12 0.6200814111261872 0.17608925071611636 0.0597014925373135 0.04341926729986431
12 0.6960651289009498 0.1760892507161164 0.0597014925373135 0.05306799336650082
12 0.7666214382632294 0.16764661540780942 0.0597014925373135 0.045831448816523415
12 0.8656716417910448 0.48846675712347354 0.20895522388059704 0.12302125734961564
12 0.835820895522388 0.6995326398311473 0.05698778833107185 0.048243630333182644
12 0.9050203527815469 0.7755163576059099 0.0759837177747626 0.060304537916478156
12 0.9742198100407056 0.9277250076264039 0.051560379918588806 0.14280113842482664
