22 0.5115332428765265 0.4486657620985979 0.07327001356852116 0.028946178199909477
22 0.5827679782903663 0.45228403437358655 0.06919945725915881 0.03135835971656867
22 0.4260515603799186 0.4161013116236997 0.062415196743554946 0.0313583597165686
22 0.4966078697421981 0.41248303934871094 0.07327001356852109 0.033770541233227785
22 0.5739484396200814 0.41489522086537006 0.0705563093622795 0.033770541233227716
22 0.644504748982361 0.40886476707372227 0.06512890094979645 0.04100708578320514
22 0.7157394843962007 0.4064525855570632 0.05563093622795108 0.03135835971656867
22 0.776797829036635 0.39559776873209707 0.05020352781546805 0.02412181516659132
22 0.6519674355495251 0.4462535805819388 0.061058344640434255 0.02412181516659132
22 0.7164179104477612 0.4390170360319614 0.051560379918588806 0.033770541233227785
22 0.782225237449118 0.44022312679029096 0.061058344640434116 0.026533996683250436
22 0.8466757123473542 0.42936830996532493 0.06241519674355502 0.033770541233227785
