12 0.831812255541069 0.29436476894104013 0.29465449804432853 0.11125597566275537
12 0.8409387222946545 0.5539620454874692 0.06518904823989573 0.07417065044183695
12 0.7777053455019558 0.4739968129798639 0.05345501955671452 0.05331015500507028
12 0.7340286831812256 0.4264812400405621 0.05215123859191663 0.0417209908735333
12 0.42438070404172096 0.10198464435752572 0.027379400260756127 0.03244965956830363
12 0.45632333767926986 0.0950311458786035 0.02868318122555408 0.027813993915688826
12 0.49087353324641464 0.09966681153121831 0.032594524119947864 0.041720990873533245
12 0.5293350717079531 0.10082572794437202 0.03389830508474574 0.04403882369984065
12 0.5664928292046936 0.10198464435752572 0.032594524119947794 0.04172099087353324
12 0.605606258148631 0.09966681153121831 0.032594524119947864 0.04635665652614805
12 0.6499348109517601 0.09734897870491091 0.035202086049543696 0.041720990873533245
12 0.6942633637548893 0.10314356077067942 0.04563233376792709 0.05331015500507026
