10 0.1714471968709257 0.5852527886426192 0.07953063885267275 0.07648848326814431
10 0.3070404172099087 0.5412139649427785 0.06910039113428937 0.05794582065768502
10 0.4172099087353325 0.49601622482978414 0.0547588005215124 0.050992322178762844
10 0.5097783572359843 0.44270606982471394 0.049543676662320665 0.046356656526148114
10 0.5547588005215124 0.34535709111980295 0.05084745762711876 0.04172099087353324
10 0.6043024771838331 0.34651600753295675 0.04041720990873543 0.04867448935245552
10 0.6525423728813559 0.3430392582934956 0.04041720990873536 0.04635665652614808
10 0.7046936114732725 0.3430392582934956 0.03780964797913953 0.04635665652614808
10 0.7542372881355931 0.33608575981457345 0.04302477183833118 0.03708532522091847
10 0.8037809647979139 0.3349268434014197 0.03780964797913953 0.034767492394611035
10 0.8657105606258148 0.3372446762277271 0.04693611473272484 0.039403158047225835
10 0.9198174706649282 0.3326090105751123 0.02998696219035196 0.03013182674199623
