2 0.9586160108548168 0.42454394693200664 0.02849389416553592 0.06271671943313734
2 0.9565807327001358 0.4932911201567918 0.027137042062415163 0.04583144881652345
2 0.9586160108548168 0.5560078395899292 0.031207598371777435 0.06512890094979654
2 0.951831750339213 0.617518468264737 0.028493894165536063 0.07718980853309204
2 0.9538670284938943 0.683853459972863 0.03256445047489834 0.04583144881652345
2 0.9511533242876528 0.7429519071310117 0.027137042062415306 0.06271671943313734
2 0.9511533242876528 0.8116990803557969 0.03527815468113985 0.06512890094979638
13 0.4559023066485753 0.5198251168400422 0.5128900949796471 0.13266998341625202
13 0.2584803256445048 0.7598371777476254 0.06648575305291725 0.04824363033318249
17 0.480325644504749 0.6126941052314188 0.08955223880597017 0.03859490426654602
