13 0.24559023066485752 0.07839589929142168 0.046132971506105847 0.06995326398311473
13 0.2985074626865672 0.1013116236996834 0.04613297150610581 0.06271671943313734
13 0.3453188602442334 0.11699080355796773 0.03663500678426054 0.060304537916478225
13 0.3941655359565807 0.1290517111412634 0.04748982360922661 0.06512890094979648
13 0.44843962008141114 0.15679179858284337 0.044776119402985017 0.07236544549977383
13 0.5061058344640434 0.16764661540780945 0.04884667571234744 0.07477762701643302
13 0.5624151967435549 0.1785014322327755 0.04206241519674364 0.0916628976330469
13 0.6153324287652646 0.20021106588270768 0.052917232021709705 0.08683853459972861
13 0.6777476255088195 0.2195085180159807 0.05020352781546805 0.08201417156641036
13 0.7333785617367706 0.2400120609075833 0.047489823609226677 0.06995326398311473
13 0.7917232021709634 0.25327905924920857 0.06105834464043413 0.06754108246645557
13 0.860922659430122 0.2665460575908337 0.052917232021709705 0.08925071611638781
2 0.23202170963364993 0.2798130559324589 0.0868385345997286 0.06271671943313731
