22 0.7489823609226594 0.4534901251319162 0.08412483039348714 0.07718980853309214
22 0.8263229308005426 0.39197949645710833 0.09769335142469472 0.06995326398311469
22 0.9131614654002712 0.3389115030906076 0.10040705563093624 0.06995326398311473
13 0.2360922659430122 0.034976631991557365 0.14925373134328357 0.06995326398311473
13 0.42198100407055633 0.0506558118498417 0.130257801899593 0.1013116236996834
13 0.5868385345997287 0.10372380521634252 0.12347354138398912 0.11096034976631991
13 0.7618724559023066 0.16764661540780945 0.14246947082767975 0.12784562038293382
13 0.9497964721845318 0.2535202737201775 0.10040705563093624 0.130740230841531
13 0.03867028493894165 0.26654605759083366 0.0773405698778833 0.07477762701643297
13 0.11261872455902307 0.22433288104929897 0.07598371777476257 0.05789235639981911
13 0.1865671641791045 0.18091361374943463 0.06919945725915876 0.06271671943313732
13 0.9158751696065128 0.8732097090306046 0.029850746268656678 0.0627167194331372
13 0.9667571234735414 0.9178350670887984 0.055630936227951226 0.07477762701643285
13 0.6485753052917232 0.9443690637720488 0.04884667571234729 0.08442635308306948
13 0.5983717774762551 0.9093924317804916 0.04070556309362274 0.08683853459972851
13 0.5563093622795116 0.8707975275139455 0.03256445047489819 0.08201417156641028
13 0.5271370420624152 0.8261721694557516 0.020352781546811444 0.09407507914970609
13 0.07259158751696065 0.384742951907131 0.04477611940298508 0.04583144881652345
13 0.11126187245590229 0.3437358661239258 0.05156037991858888 0.04583144881652345
13 0.14654002713704206 0.326850595507312 0.046132971506105847 0.055480174883159955
13 0.18656716417910446 0.2966983265490728 0.05563093622795115 0.048243630333182554
13 0.22727272727272727 0.28222523744911804 0.04477611940298505 0.0530679933665008
13 0.26526458616010856 0.25327905924920846 0.04206241519674354 0.05306799336650084
13 0.29918588873812757 0.21709633649932158 0.025780189959294476 0.05306799336650084
13 0.3819538670284939 0.15920398009950248 0.031207598371777435 0.0434192672998643
