22 0.7693351424694709 0.10613598673300167 0.08955223880597003 0.08201417156641039
22 0.8561736770691994 0.06874717322478516 0.07055630936227943 0.060304537916478204
22 0.9226594301221166 0.034976631991557365 0.0434192672998644 0.04583144881652345
13 0.5278154681139755 0.43178049148198405 0.027137042062415163 0.05789235639981911
13 0.5583446404341926 0.4607266696818935 0.031207598371777577 0.05789235639981911
13 0.5990502035278155 0.48846675712347354 0.03663500678426047 0.05548017488315992
13 0.6560379918588873 0.5186190260817126 0.04748982360922653 0.06754108246645565
13 0.7082767978290366 0.5463591135232926 0.0434192672998644 0.06995326398311469
13 0.7645861601085481 0.5716870194482135 0.04477611940298516 0.07718980853309212
13 0.8215739484396201 0.5958088346148048 0.047489823609226677 0.06271671943313742
13 0.8724559023066486 0.6102819237147595 0.04884667571234729 0.06754108246645557
13 0.9348710990502035 0.630785466606362 0.04613297150610578 0.07960199004975124
13 0.8405698778833107 0.4631388511985527 0.031207598371777435 0.06754108246645565
13 0.8785617367706919 0.48484848484848486 0.03934871099050199 0.05789235639981911
13 0.9294436906377206 0.5137946630483944 0.04070556309362289 0.05789235639981904
13 0.9796472184531885 0.5429820557192729 0.04070556309362289 0.06319914837507533
