16 0.22099087353324642 0.29668260176734756 0.18122555410691 0.3523105895987252
16 0.37092568448500657 0.07532956685499059 0.07170795306388528 0.0903954802259887
16 0.394393741851369 0.15181805012313487 0.03780964797913953 0.08112414892075909
16 0.4335071707953064 0.14022888599159786 0.035202086049543696 0.057945820657685075
16 0.47979139504563234 0.13211647109952196 0.04432855280312907 0.03708532522091842
16 0.5208604954367666 0.13327538751267565 0.035202086049543696 0.03940315804722582
16 0.5736636245110822 0.13211647109952196 0.0547588005215124 0.03708532522091842
16 0.6258148631029987 0.13095755468636824 0.04172099087353317 0.025496161089381422
16 0.6199478487614081 0.09039548022598871 0.05867014341590618 0.04635665652614806
16 0.5032594524119948 0.08344198174706649 0.07040417209908739 0.05562798783137766
16 0.7014341590612777 0.10546139359698682 0.03389830508474574 0.039403158047225856
