2 0.034799695740365115 0.3904665314401623 0.04449797160243408 0.04665314401622716
2 0.08100912778904665 0.38438133874239355 0.041075050709939144 0.04665314401622716
2 0.12607758620689655 0.3772819472616632 0.03993407707910752 0.052738336713995936
2 0.16544117647058823 0.3691683569979716 0.041075050709939165 0.03651115618661258
2 0.2042342799188641 0.36004056795131845 0.02966531440162271 0.03853955375253548
2 0.23960446247464504 0.34178498985801214 0.04335699797160242 0.03853955375253555
2 0.2789680527383367 0.32150101419878296 0.051343813387423935 0.030425963488843875
13 0.2316176470588235 0.16531440162271807 0.031947261663286 0.04665314401622718
13 0.29551217038539557 0.19371196754563896 0.031947261663286035 0.046653144016227194
13 0.35940669371196754 0.2150101419878296 0.02738336713995949 0.04868154158215013
13 0.4272946247464503 0.2363083164300203 0.03537018255578097 0.050709939148073035
13 0.49803498985801214 0.2565922920892495 0.03308823529411761 0.05476673427991887
13 0.5761916835699796 0.28296146044624765 0.03651115618661252 0.05882352941176475
13 0.6514959432048681 0.31135902636916835 0.0387931034482758 0.05882352941176471
13 0.6206896551724138 0.038539553752535496 0.4814908722109534 0.07302231237322515
