13 0.5074626865671642 0.20744761043268503 0.04341926729986433 0.07718980853309208
13 0.5556309362279512 0.22795115332428764 0.04206241519674357 0.08925071611638774
13 0.6099050203527816 0.25086687773254934 0.05020352781546805 0.08201417156641039
13 0.6668928086838534 0.27137042062415195 0.05563093622795115 0.09889944218302425
13 0.7272727272727273 0.2930800542740841 0.059701492537313355 0.08442635308306944
13 0.7924016282225239 0.31358359716568673 0.06512890094979654 0.10131162369968337
13 0.8575305291723203 0.3389115030906076 0.0597014925373135 0.09407507914970595
13 0.3344640434192673 0.8973315241971958 0.11804613297150607 0.1736770691994572
13 0.4864314789687924 0.9353987637569727 0.13704206241519679 0.1292024724860545
13 0.20420624151967437 0.8659731644806271 0.09633649932157397 0.16885270616613896
