12 0.7957937584803257 0.3304688677823006 0.1506105834464043 0.09648726066636513
12 0.9620081411126188 0.32226744694496273 0.0759837177747626 0.06561132989173452
12 0.7754409769335143 0.4800241218151666 0.05563093622795108 0.033770541233227785
12 0.8276797829036636 0.5379164782149857 0.062415196743555015 0.04824363033318257
12 0.9023066485753053 0.6307854666063621 0.07055630936227943 0.07477762701643301
12 0.407055630936228 0.0916628976330469 0.04070556309362281 0.03859490426654604
12 0.4491180461329715 0.08925071611638774 0.03256445047489827 0.04341926729986431
12 0.48778833107191316 0.09286898839137646 0.03663500678426061 0.04583144881652345
12 0.5312075983717776 0.09286898839137646 0.03663500678426061 0.03618272274988692
12 0.5766621438263229 0.08925071611638775 0.03799185888738123 0.03859490426654606
12 0.6234735413839891 0.09407507914970602 0.04206241519674343 0.03859490426654605
12 0.6750339213025781 0.09407507914970602 0.04477611940298516 0.03859490426654605
12 0.7225237449118046 0.09407507914970602 0.03934871099050199 0.0337705412332278
