2 0.527129817444219 0.10040567951318458 0.4267241379310345 0.13184584178498987
2 0.4683696754563894 0.21399594320486817 0.2977941176470588 0.09127789046653141
2 0.2886663286004057 0.3397565922920893 0.06617647058823536 0.05476673427991887
2 0.35883620689655177 0.3397565922920893 0.06959939148073026 0.05476673427991887
2 0.4267241379310345 0.33468559837728196 0.05704868154158213 0.06490872210953348
2 0.5003169371196755 0.3407707910750507 0.07644523326572006 0.06490872210953345
2 0.5887423935091277 0.3387423935091278 0.08443204868154161 0.05679513184584181
2 0.6703220081135903 0.34178498985801214 0.07644523326572006 0.054766734279918905
2 0.21678498985801217 0.5294117647058824 0.063894523326572 0.04868154158215013
2 0.217355476673428 0.5993914807302232 0.06959939148073023 0.054766734279918836
2 0.2127915821501014 0.7058823529411765 0.0741632860040568 0.06085192697768761
2 0.21564401622718052 0.8296146044624746 0.08443204868154158 0.08519269776876272
2 0.22420131845841787 0.9726166328600405 0.1061105476673428 0.054766734279918836
2 0.8294878296146045 0.5050709939148074 0.05933062880324542 0.04868154158215013
2 0.8762677484787018 0.5446247464503042 0.06845841784989858 0.04665314401622723
2 0.9538539553752534 0.6085192697768762 0.07302231237322516 0.06085192697768761
