2 0.25508819538670285 0.06633499170812604 0.1004070556309362 0.06512890094979647
2 0.35617367706919945 0.060304537916478225 0.09905020352781545 0.05789235639981909
2 0.2360922659430122 0.14714307251620684 0.05156037991858888 0.03859490426654604
2 0.2801899592944369 0.1531735263078547 0.03392130257801895 0.045831448816523464
2 0.330393487109905 0.15076134479119552 0.05020352781546809 0.041007085783205194
2 0.3867028493894166 0.15196743554952513 0.046132971506105847 0.04824363033318258
2 0.44097693351424694 0.15076134479119552 0.04884667571234736 0.04583144881652343
2 0.7042062415196743 0.1483491632745364 0.07598371777476245 0.03135835971656867
2 0.5474898236092266 0.2665460575908337 0.03663500678426047 0.03135835971656863
2 0.5800542740841249 0.2954922357907433 0.044776119402985086 0.03135835971656871
2 0.6309362279511533 0.3352932308156189 0.04884667571234736 0.03859490426654606
2 0.689280868385346 0.3980099502487562 0.062415196743555015 0.0385949042665461
2 0.7557666214382632 0.478818031056837 0.059701492537313355 0.060304537916478225
2 0.844640434192673 0.5584200211065883 0.06648575305291729 0.06512890094979638
2 0.9375848032564451 0.6102819237147595 0.08141112618724562 0.07718980853309226
