22 0.24151967435549526 0.3449419568822554 0.13297150610583444 0.06271671943313731
22 0.3833107191316147 0.33770541233227797 0.13161465400271372 0.06754108246645554
22 0.5332428765264586 0.33770541233227797 0.12483039348710982 0.05789235639981907
22 0.6729986431478969 0.326850595507312 0.11126187245590238 0.045831448816523485
22 0.7890094979647218 0.3172018694406754 0.101763907734057 0.050655811849841685
22 0.901628222523745 0.30996532489069806 0.101763907734057 0.045831448816523374
22 0.2727272727272727 0.4100708578320518 0.12211668928086837 0.06271671943313734
22 0.40976933514246944 0.40645258555706315 0.11668928086838534 0.050655811849841685
22 0.5386702849389416 0.39197949645710833 0.12483039348710989 0.050655811849841755
22 0.6668928086838535 0.3883612241821197 0.12075983717774769 0.05789235639981911
22 0.7883310719131614 0.3678576812905171 0.10854816824966079 0.041007085783205215
22 0.912483039348711 0.36182722749886925 0.1180461329715061 0.05789235639981911
