2 0.2727272727272727 0.08201417156641037 0.1112618724559023 0.0675410824664556
2 0.3894165535956581 0.0844263530830695 0.10854816824966079 0.048243630333182574
2 0.19267299864314785 0.17608925071611636 0.04613297150610581 0.04341926729986431
2 0.24966078697421978 0.17126488768279813 0.04613297150610581 0.04824363033318257
2 0.29782903663500676 0.1785014322327755 0.04206241519674354 0.04341926729986431
2 0.35481682496607875 0.18091361374943468 0.05834464043419267 0.04824363033318258
2 0.4192672998643148 0.17608925071611636 0.054274084124830396 0.04341926729986431
2 0.4884667571234735 0.17126488768279813 0.062415196743554946 0.04341926729986431
2 0.7788331071913162 0.168852706166139 0.0868385345997288 0.05789235639981907
2 0.605156037991859 0.3039348710990502 0.046132971506105847 0.0385949042665461
2 0.6411126187245589 0.3304688677823006 0.05020352781546812 0.04341926729986437
2 0.6994572591587517 0.3859490426654606 0.052917232021709705 0.05306799336650087
2 0.7652645861601086 0.45107794361525705 0.0678426051560379 0.04341926729986433
2 0.8439620081411127 0.5487712950399518 0.07327001356852109 0.06995326398311477
2 0.9484396200814111 0.6404341926729987 0.08955223880597017 0.07477762701643292
