10 0.2392438070404172 0.4508184847167898 0.07953063885267277 0.06258148631029989
10 0.35267275097783574 0.4067796610169491 0.05606258148631028 0.04867448935245548
10 0.44589308996088656 0.36853541938287704 0.04432855280312907 0.046356656526147975
10 0.5280312907431552 0.3256555120961901 0.04432855280312907 0.04867448935245552
10 0.5664928292046936 0.23989569752281617 0.02998696219035203 0.030131826741996263
10 0.6101694915254237 0.23873678110966245 0.03389830508474581 0.027813993915688826
10 0.6538461538461539 0.23410111545704765 0.02998696219035203 0.03244965956830367
10 0.696870925684485 0.23178328263074024 0.035202086049543765 0.027813993915688826
10 0.741851368970013 0.23178328263074024 0.031290743155149986 0.03244965956830363
10 0.788787483702738 0.22714761697812544 0.031290743155149986 0.04172099087353324
10 0.8383311603650586 0.22598870056497178 0.02868318122555408 0.03013182674199623
10 0.8898305084745763 0.22598870056497178 0.03520208604954363 0.039403158047225835
