12 0.8970013037809648 0.22946544980443284 0.12516297262059978 0.08344198174706648
12 0.9700130378096481 0.46727509424684016 0.05997392438070406 0.08622337406517097
12 0.9191655801825295 0.38823699840649 0.0521512385919165 0.04867448935245541
12 0.876792698826597 0.3465160075329567 0.03780964797913953 0.0394031580472258
12 0.6101694915254237 0.035926408807764744 0.03389830508474581 0.02549616108938143
12 0.6447196870925684 0.035926408807764744 0.027379400260756127 0.02549616108938143
12 0.6792698826597132 0.03824424163407215 0.031290743155149986 0.02549616108938143
12 0.7151238591916558 0.037085325220918446 0.032594524119947864 0.023178328263074026
12 0.7522816166883964 0.03940315804722585 0.03389830508474589 0.03244965956830363
12 0.7926988265971318 0.03940315804722585 0.039113428943937406 0.03244965956830363
