2 0.505427408412483 0.10131162369968343 0.8480325644504748 0.19779888436604856
2 0.4267299864314789 0.23036333484094676 0.3378561736770692 0.07960199004975124
2 0.21506105834464045 0.3702698628071762 0.06377204884667567 0.060304537916478225
2 0.29240162822252375 0.3666515905321876 0.07734056987788332 0.06271671943313742
2 0.3690637720488466 0.3702698628071762 0.059701492537313425 0.060304537916478225
2 0.4491180461329715 0.3678576812905171 0.07598371777476252 0.041007085783205215
2 0.533921302578019 0.3702698628071762 0.08005427408412494 0.050655811849841685
2 0.6234735413839891 0.3726820443238354 0.07462686567164184 0.05548017488315999
2 0.7130257801899593 0.37147595356550583 0.06919945725915881 0.05306799336650087
2 0.799864314789688 0.5487712950399518 0.0583446404341926 0.050655811849841824
2 0.8453188602442333 0.5861601085481682 0.06512890094979654 0.06271671943313727
2 0.9321573948439621 0.6621438263229308 0.0759837177747626 0.06512890094979638
