2 0.2605156037991858 0.055480174883159955 0.1004070556309362 0.0675410824664556
2 0.37109905020352785 0.059098447158148645 0.10990502035278155 0.06995326398311473
2 0.2360922659430122 0.15076134479119552 0.05427408412483043 0.041007085783205194
2 0.2903663500678426 0.15437961706618425 0.046132971506105847 0.04341926729986433
2 0.34328358208955223 0.15196743554952513 0.048846675712347326 0.04824363033318258
2 0.39891451831750346 0.14593698175787728 0.05156037991858888 0.0506558118498417
2 0.4626865671641791 0.14231870948288858 0.054274084124830396 0.04824363033318257
2 0.7367706919945727 0.13628825569124076 0.07327001356852093 0.036182722749886924
2 0.5746268656716418 0.26292778531584504 0.0420624151967435 0.03377054123322783
2 0.6078697421981005 0.290667872757425 0.046132971506105847 0.036182722749886945
2 0.66078697421981 0.3449419568822553 0.054274084124830396 0.04824363033318257
2 0.7252374491180461 0.4100708578320518 0.06377204884667577 0.05306799336650087
2 0.7957937584803255 0.49932157394843957 0.06919945725915866 0.04824363033318257
2 0.8941655359565808 0.5789235639981908 0.0678426051560379 0.07236544549977389
2 0.9735413839891452 0.6322327718356607 0.052917232021709566 0.0631991483750754
