13 0.35142469470827675 0.44384139906527964 0.04341926729986433 0.0723654454997738
13 0.29986431478968795 0.42575003769033615 0.04070556309362281 0.060304537916478225
13 0.24830393487109906 0.41127694859038144 0.04341926729986433 0.06512890094979645
13 0.1987788331071913 0.3980099502487562 0.044776119402985086 0.06271671943313734
13 0.223202170963365 0.04100708578320519 0.058344640434192706 0.0675410824664556
13 0.2903663500678426 0.04583144881652345 0.06512890094979643 0.05306799336650084
13 0.358887381275441 0.04341926729986431 0.052917232021709636 0.04341926729986431
13 0.4294436906377204 0.054274084124830396 0.061058344640434185 0.04583144881652343
13 0.5047489823609227 0.05668626564148953 0.062415196743554946 0.03135835971656868
13 0.7116689280868386 0.24121815166591287 0.04477611940298516 0.04824363033318257
13 0.7618724559023066 0.2568973315241972 0.03934871099050213 0.04583144881652345
13 0.8046132971506107 0.2701643298658223 0.037991858887381214 0.06271671943313736
13 0.8602442333785618 0.2798130559324589 0.04070556309362289 0.05789235639981904
13 0.9185888738127546 0.2942861450324137 0.04884667571234744 0.0530679933665008
