2 0.053625760649087216 0.6338742393509128 0.04335699797160244 0.04665314401622709
2 0.09127789046653144 0.6146044624746451 0.05476673427991887 0.04868154158215013
13 0.4004817444219067 0.3022312373225152 0.41531440162271804 0.06490872210953345
13 0.039363590263691677 0.4472616632860041 0.026242393509127784 0.04259634888438128
13 0.07359279918864096 0.4645030425963489 0.023960446247464507 0.04868154158215006
13 0.10554006085192698 0.4766734279918864 0.03308823529411765 0.04868154158215006
13 0.1414807302231237 0.48782961460446245 0.02966531440162271 0.054766734279918836
13 0.1779918864097363 0.4969574036511156 0.027383367139959418 0.06490872210953348
13 0.2127915821501014 0.5101419878296146 0.03308823529411765 0.06693711967545646
13 0.2475912778904665 0.5223123732251521 0.03651115618661262 0.06693711967545639
13 0.28524340770791073 0.5375253549695741 0.031947261663286 0.08113590263691683
13 0.3206135902636917 0.5476673427991886 0.031947261663286035 0.06896551724137936
13 0.36168864097363085 0.5608519269776876 0.03651115618661258 0.07910750507099394
13 0.40276369168356996 0.579107505070994 0.031947261663286 0.07910750507099387
13 0.4455502028397566 0.5912778904665313 0.0285243407707911 0.07505070993914806
13 0.4780679513184585 0.6024340770791075 0.041075050709939165 0.06490872210953348
13 0.8924949290060852 0.4991886378785418 0.2150101419878297 0.0977687564873066
