2 0.02510141987829615 0.6815415821501014 0.05020283975659229 0.05679513184584181
2 0.06959939148073023 0.6713995943204867 0.06389452332657201 0.056795131845841666
13 0.04735040567951319 0.4969574036511156 0.03765212981744422 0.06490872210953348
13 0.08728448275862069 0.5141987829614605 0.03993407707910752 0.050709939148073035
13 0.12379563894523325 0.5253549695740365 0.030806288032454353 0.056795131845841736
13 0.1591658215010142 0.5395537525354969 0.03308823529411763 0.06085192697768761
13 0.19738843813387427 0.5486815415821501 0.03422920892494929 0.06693711967545646
13 0.23903397565922918 0.5578093306288032 0.03308823529411761 0.07302231237322516
13 0.27782707910750504 0.5780933062880326 0.0353701825557809 0.06490872210953348
13 0.32004310344827586 0.592292089249493 0.035370182555780935 0.06490872210953348
13 0.35997718052738337 0.6004056795131846 0.03308823529411768 0.06896551724137921
13 0.4039046653144016 0.6166328600405679 0.04107505070993909 0.07302231237322516
13 0.4512550709939148 0.6359026369168357 0.03537018255578097 0.06288032454361044
13 0.49233012170385393 0.6409736308316432 0.03308823529411768 0.06490872210953348
13 0.5373985801217038 0.6561866125760649 0.03422920892494929 0.058823529411764636
13 0.029094827586206896 0.2912778873714424 0.05818965517241379 0.03813388042952901
13 0.09641227180527383 0.3379310313876695 0.19282454361054766 0.03407708529768321
13 0.2145030425963489 0.3073022312373225 0.05020283975659221 0.04665314401622708
13 0.2686992900608519 0.30831643002028397 0.04677991886409735 0.03651115618661258
13 0.3217545638945233 0.31643002028397565 0.05248478701825558 0.04056795131845842
13 0.37937373225152127 0.3154158215010142 0.04906186612576065 0.050709939148073035
13 0.43242900608519264 0.3154158215010142 0.05020283975659232 0.03448275862068968
13 0.4860547667342799 0.32048681541582147 0.041075050709939165 0.03651115618661251
13 0.5442444219066936 0.3265720081135903 0.054766734279918836 0.04056795131845845
13 0.6035750507099391 0.32758620689655177 0.04107505070993909 0.046653144016227124
13 0.6703220081135903 0.3367139959432049 0.05362576064908722 0.04462474645030433
13 0.8494548681541584 0.4888438133874239 0.03080628803245446 0.04056795131845831
13 0.8882479716024341 0.49898580121703856 0.03308823529411768 0.04056795131845838
13 0.9310344827586207 0.5121703853955375 0.03194726166328607 0.04665314401622716
13 0.9766734279918865 0.5212981744421907 0.02966531440162285 0.04462474645030426
13 0.6224011156186613 0.4401622718052738 0.012550709939148063 0.028397565922920833
13 0.6589122718052738 0.44929006085192696 0.019396551724137793 0.03448275862068968
13 0.6977053752535497 0.4645030425963489 0.023960446247464517 0.03651115618661258
13 0.7393509127789046 0.47870182555780927 0.02510141987829627 0.03651115618661258
13 0.7804259634888439 0.49391480730223125 0.025101419878296127 0.03853955375253548
13 0.8220715010141987 0.5060851926977687 0.026242393509127878 0.05070993914807296
13 0.5191430020283976 0.4432048681541582 0.022819472616632835 0.04259634888438136
13 0.5556541582150102 0.45131845841784984 0.022819472616632835 0.03853955375253548
13 0.5961587221095335 0.4685598377281947 0.019396551724137935 0.04056795131845838
13 0.6315289046653144 0.48073022312373226 0.017114604462474644 0.032454361054766706
13 0.6771678498985801 0.4969574036511156 0.019396551724137793 0.04056795131845845
13 0.7222363083164299 0.5172413793103449 0.025101419878296127 0.03651115618661251
13 0.76730476673428 0.5354969574036511 0.023960446247464517 0.03651115618661251
