2 0.5508819538670285 0.17367706919945725 0.06512890094979654 0.02894617819990955
2 0.26322930800542743 0.10372380521634252 0.07327001356852104 0.028946178199909536
2 0.24287652645861604 0.032564450474898234 0.24423337856173682 0.06512890094979647
2 0.4185888738127544 0.2677521483491633 0.03663500678426054 0.02894617819990952
2 0.44776119402985076 0.2966983265490728 0.04070556309362274 0.019297452133272976
2 0.49321573948439623 0.33288104929895973 0.03663500678426047 0.02412181516659132
2 0.5386702849389416 0.38233077039047186 0.04884667571234736 0.041007085783205215
2 0.5997286295793759 0.4607266696818935 0.05156037991858888 0.0530679933665008
2 0.6757123473541384 0.5210312075983718 0.05698778833107184 0.07236544549977389
2 0.7523744911804613 0.5680687471732248 0.06648575305291729 0.05548017488315992
2 0.9233378561736771 0.6404341926729987 0.09362279511533231 0.06512890094979654
