2 0.27326318458417853 0.1257606490872211 0.47350405679513186 0.15821501014198786
2 0.48719574036511154 0.2778904665314402 0.367393509127789 0.11359026369168354
2 0.2704107505070994 0.41784989858012167 0.08215010141987833 0.052738336713995936
2 0.35256085192697767 0.4259634888438134 0.07302231237322512 0.06490872210953348
2 0.43128803245436104 0.4249492900608519 0.0661764705882353 0.06288032454361059
2 0.5208544624746451 0.42596348884381335 0.10154665314401619 0.07302231237322516
2 0.6195486815415822 0.42292089249492903 0.1049695740365111 0.08316430020283981
2 0.719383874239351 0.4107505070993915 0.08329107505070979 0.07099391480730219
2 0.904221602434077 0.6115618661257607 0.06275354969574039 0.06288032454361059
2 0.9538539553752535 0.6561866125760649 0.07530425963488853 0.06288032454361052
2 0.1911130831643002 0.9675456389452333 0.1038286004056795 0.06490872210953341
2 0.18027383367139957 0.8397565922920893 0.0981237322515213 0.0811359026369169
2 0.18940162271805275 0.7261663286004056 0.09127789046653144 0.07707910750507097
2 0.18997210953346855 0.6369168356997972 0.0878549695740365 0.06085192697768754
