12 0.8473541383989145 0.36062113674053975 0.18046132971506096 0.11337253128297906
12 0.8175033921302578 0.5391225689733152 0.061058344640434255 0.041007085783205215
12 0.8724559023066485 0.5994271068897935 0.062415196743555015 0.05548017488316006
12 0.9565807327001358 0.7070103988520938 0.08683853459972866 0.08732096354166671
12 0.39891451831750335 0.09889944218302428 0.04070556309362274 0.028946178199909536
12 0.44369063772048845 0.09648726066636515 0.043419267299864256 0.043419267299864304
12 0.4864314789687924 0.10251771445801296 0.03392130257801909 0.05065581184984171
12 0.5373134328358209 0.09045680687471731 0.04884667571234736 0.06512890094979645
12 0.5895522388059702 0.1013116236996834 0.04206241519674357 0.03859490426654606
12 0.6404341926729987 0.10492989597467207 0.046132971506105847 0.036182722749886924
12 0.6987788331071915 0.09889944218302427 0.046132971506105916 0.03859490426654605
12 0.7578018995929443 0.09648726066636515 0.052917232021709566 0.0337705412332278
