2 0.5573656186612576 0.11967545638945232 0.5442444219066936 0.15415821501014199
2 0.40276369168356996 0.26166328600405675 0.18027383367139957 0.10547667342799183
2 0.594447261663286 0.2636916835699797 0.18711967545638955 0.08519269776876265
2 0.2669878296146045 0.41379310344827586 0.07758620689655174 0.052738336713996005
2 0.35712474645030423 0.41784989858012167 0.08215010141987829 0.05679513184584181
2 0.4432682555780933 0.41784989858012167 0.07416328600405678 0.052738336713995936
2 0.5328346855983773 0.42089249492900604 0.095841784989858 0.05882352941176471
2 0.6378042596348884 0.42089249492900604 0.09584178498985807 0.054766734279918905
2 0.7507606490872212 0.40973630831643 0.11866125760649097 0.05679513184584181
2 0.18027383367139962 0.6582150101419879 0.07758620689655171 0.05882352941176478
2 0.18084432048681542 0.742393509127789 0.0855730223123732 0.06490872210953341
2 0.17628042596348883 0.872210953346856 0.09470081135902633 0.07707910750507097
2 0.949290060851927 0.616632860040568 0.0707403651115618 0.06490872210953348
