13 0.09497964721845317 0.24363033318257202 0.0569877883310719 0.08683853459972866
13 0.15061058344640435 0.23156942559927635 0.03256445047489823 0.07236544549977385
13 0.18792401628222521 0.22674506256595808 0.020352781546811406 0.07236544549977389
13 0.5800542740841248 0.14714307251620684 0.03392130257801895 0.03859490426654604
13 0.6126187245590231 0.14473089099954772 0.023066485753052958 0.05306799336650084
13 0.6506105834464043 0.13990652796622946 0.031207598371777508 0.05306799336650082
13 0.6919945725915875 0.13749434644957034 0.04070556309362274 0.04824363033318258
13 0.7469470827679783 0.13749434644957034 0.0420624151967435 0.0675410824664556
13 0.8039348710990502 0.13025780189959293 0.05563093622795108 0.08683853459972862
13 0.8968792401628224 0.12422734810794513 0.08683853459972866 0.10372380521634254
13 0.9029850746268656 0.21227197346600335 0.061058344640434116 0.08201417156641039
13 0.8446404341926731 0.20382933815769635 0.044776119402985017 0.060304537916478225
13 0.8018995929443691 0.19779888436604856 0.03256445047489834 0.05306799336650084
13 0.7584803256445047 0.19176843057440074 0.03256445047489834 0.03135835971656867
13 0.7265943012211667 0.1893562490577416 0.02035278154681137 0.04583144881652345
13 0.6967435549525101 0.18935624905774162 0.02849389416553592 0.036182722749886945
