17 0.054274084124830396 0.5137946630483944 0.059701492537313425 0.033770541233227716
17 0.11533242876526457 0.5029398462234284 0.054274084124830396 0.0361827227498869
17 0.16417910447761194 0.48726066636514404 0.03799185888738128 0.04341926729986433
17 0.2598371777476255 0.46675712347354137 0.07191316146540025 0.060304537916478225
17 0.33242876526458615 0.4571083974069049 0.059701492537313466 0.0361827227498869
17 0.4016282225237448 0.45107794361525705 0.062415196743554946 0.0385949042665461
17 0.47693351424694713 0.4426353083069501 0.08276797829036632 0.03618272274988698
4 0.5970149253731344 0.31961405095733453 0.11397557666214382 0.05548017488315992
13 0.39620081411126196 0.5282677521483492 0.03256445047489827 0.04824363033318257
13 0.42672998643147897 0.5246494798733604 0.02849389416553592 0.050655811849841755
13 0.4559023066485753 0.5162068445650535 0.018995929443690614 0.043419267299864256
13 0.48236092265943015 0.5053520277400875 0.025780189959294476 0.04583144881652345
13 0.5094979647218453 0.5005276647067691 0.02035278154681137 0.04583144881652345
13 0.5271370420624152 0.49087893864013266 0.01492537313432841 0.041007085783205215
