13 0.5033921302578019 0.2966983265490728 0.04070556309362274 0.06754108246645557
13 0.5488466757123474 0.318407960199005 0.03934871099050199 0.06271671943313734
13 0.5943012211668929 0.3413236846072667 0.03527815468113971 0.06030453791647812
13 0.6377204884667571 0.3690637720488467 0.04070556309362274 0.06754108246645565
13 0.6865671641791045 0.3895673149404493 0.043419267299864256 0.07477762701643292
13 0.7347354138398914 0.41368913010704056 0.04206241519674364 0.06995326398311477
13 0.7842605156037992 0.4390170360319614 0.043419267299864256 0.0723654454997738
13 0.8310719131614654 0.4631388511985527 0.04206241519674364 0.06271671943313742
13 0.8826322930800543 0.48364239409015525 0.044776119402985017 0.07477762701643292
13 0.930800542740841 0.5137946630483945 0.04070556309362274 0.06271671943313742
13 0.7625508819538669 0.3123775064073572 0.04070556309362289 0.060304537916478225
13 0.8093622795115332 0.33649932157394846 0.0420624151967435 0.06995326398311466
13 0.8541383989145183 0.3606211367405397 0.04206241519674364 0.06512890094979645
13 0.9077340569877883 0.384742951907131 0.04613297150610578 0.07960199004975124
13 0.9552238805970148 0.4100708578320518 0.03799185888738123 0.05789235639981904
13 0.9586160108548168 0.1845318860244233 0.07734056987788335 0.10372380521634252
