2 0.3283582089552239 0.03738881350821649 0.5237449118046132 0.07477762701643298
2 0.34599728629579374 0.09286898839137646 0.08955223880597014 0.03618272274988692
2 0.24491180461329712 0.09407507914970602 0.09905020352781545 0.04824363033318257
2 0.22523744911804613 0.168852706166139 0.046132971506105847 0.0434192672998643
2 0.2672998643147897 0.16764661540780942 0.03799185888738126 0.03618272274988689
2 0.3120759837177748 0.17126488768279813 0.0434192672998643 0.03859490426654604
2 0.36838534599728634 0.16885270616613898 0.052917232021709636 0.03377054123322777
2 0.4213025780189959 0.17126488768279813 0.04748982360922661 0.03859490426654604
2 0.6621438263229308 0.1519674355495251 0.07869742198100411 0.02894617819990952
2 0.5244233378561737 0.2749886928991407 0.04206241519674343 0.03377054123322783
2 0.5502035278154681 0.2966983265490728 0.0420624151967435 0.02894617819990959
2 0.596336499321574 0.3413236846072667 0.055630936227951226 0.055480174883159886
2 0.6519674355495252 0.3992160410070858 0.05020352781546805 0.04583144881652345
2 0.7150610583446405 0.4800241218151666 0.07055630936227957 0.0530679933665008
2 0.7985074626865672 0.5548017488315995 0.05834464043419274 0.06271671943313734
2 0.8833107191316146 0.5994271068897935 0.07327001356852093 0.06995326398311477
