12 0.8833107191316146 0.5415347504899743 0.21709633649932158 0.1326699834162521
12 0.8521031207598372 0.7574249962309664 0.07327001356852109 0.04824363033318264
12 0.9226594301221166 0.8454696215890246 0.07327001356852093 0.08925071611638771
12 0.9871099050203529 0.9655510327152118 0.025780189959294403 0.06889793456957634
12 0.32021709633649936 0.20021106588270768 0.05156037991858888 0.04824363033318257
12 0.3724559023066486 0.2026232473993668 0.044776119402985017 0.05306799336650084
12 0.4308005427408413 0.19659279360771897 0.055630936227951226 0.060304537916478225
12 0.4938941655359565 0.20021106588270768 0.05156037991858888 0.04824363033318257
12 0.5563093622795116 0.19659279360771897 0.04341926729986433 0.055480174883159955
12 0.6241519674355495 0.20021106588270768 0.05698778833107198 0.06271671943313734
12 0.700135685210312 0.20141715664103724 0.05698778833107198 0.050655811849841685
12 0.7801899592944369 0.20985979194934415 0.06512890094979638 0.0482436303331826
12 0.8487109905020352 0.20141715664103724 0.05563093622795108 0.05548017488315999
