10 0.22750977835723596 0.5435317977690859 0.07431551499348106 0.05331015500507028
10 0.3396349413298566 0.49833405765609157 0.05606258148631031 0.06026365348399253
10 0.4361147327249022 0.4600898160220194 0.04823989569752286 0.04867448935245548
10 0.5143415906127771 0.41952774156163986 0.04302477183833119 0.03708532522091843
10 0.5573663624511083 0.3372446762277271 0.053455019556714375 0.02549616108938146
10 0.5964797913950456 0.3326090105751123 0.035202086049543696 0.03013182674199623
10 0.6375488917861799 0.32913226133565116 0.04172099087353324 0.03244965956830367
10 0.682529335071708 0.3256555120961901 0.04041720990873529 0.030131826741996298
10 0.7275097783572361 0.32449659568303635 0.036505867014341505 0.03244965956830367
10 0.7685788787483702 0.3256555120961901 0.03520208604954363 0.034767492394611035
10 0.8142112125162972 0.32681442850934384 0.032594524119947864 0.03708532522091847
10 0.864406779661017 0.32681442850934384 0.026075619295958318 0.03708532522091847
1 0.9511082138200783 0.3615819209039548 0.06649282920469361 0.04172099087353317
