12 0.8677069199457259 0.45107794361525705 0.21845318860244234 0.12543343886627467
12 0.8378561736770692 0.6512890094979648 0.06377204884667577 0.05789235639981904
12 0.9077340569877884 0.7236544549977385 0.07055630936227957 0.07236544549977396
12 0.9776119402985074 0.842092563785005 0.04477611940298516 0.08249660050834834
12 0.3616010854816825 0.14714307251620684 0.04206241519674357 0.04824363033318258
12 0.41791044776119407 0.15076134479119552 0.04070556309362281 0.05548017488315997
12 0.471506105834464 0.15196743554952513 0.044776119402985017 0.05306799336650082
12 0.5278154681139756 0.1555857078245138 0.04884667571234729 0.055480174883159934
12 0.582089552238806 0.15076134479119552 0.04070556309362281 0.04583144881652343
12 0.6424694708276797 0.15437961706618425 0.04748982360922661 0.05306799336650082
12 0.7116689280868386 0.1531735263078547 0.0583446404341926 0.0506558118498417
12 0.7781546811397558 0.1531735263078547 0.05563093622795108 0.0506558118498417
