2 0.4450474898236092 0.10613598673300166 0.8710990502035278 0.18332579526609374
2 0.40027137042062416 0.23398160711593546 0.31207598371777473 0.09648726066636516
2 0.21573948439620083 0.3726820443238354 0.06512890094979645 0.06512890094979645
2 0.2856173677069199 0.37147595356550583 0.06648575305291718 0.05789235639981911
2 0.35753052917232025 0.3726820443238354 0.061058344640434185 0.050655811849841755
2 0.43419267299864317 0.3702698628071762 0.08412483039348714 0.05548017488315999
2 0.5149253731343283 0.3666515905321876 0.0800542740841248 0.06271671943313742
2 0.6085481682496607 0.36303331825719887 0.08276797829036639 0.050655811849841685
2 0.6824966078697422 0.3630333182571988 0.051560379918588806 0.04100708578320514
2 0.7679782903663499 0.5330921151816674 0.0597014925373135 0.04341926729986433
2 0.8134328358208955 0.5777174732398613 0.08005427408412487 0.05548017488315992
2 0.8955223880597015 0.6440524649479873 0.07869742198100398 0.06271671943313742
2 0.9701492537313433 0.7407809400853216 0.059701492537313355 0.06802351140839377
