2 0.35712474645030423 0.3133874239350913 0.09127789046653138 0.030425963488843875
2 0.21507352941176472 0.5983772819472617 0.05362576064908722 0.04868154158215013
2 0.2544371196754564 0.5649087221095335 0.05020283975659229 0.05070993914807296
2 0.28125 0.5415821501014199 0.037652129817444265 0.04056795131845845
2 0.2783975659229209 0.49391480730223125 0.029665314401622744 0.026369168356998002
2 0.6395157200811359 0.554766734279919 0.04449797160243399 0.04259634888438136
2 0.7256592292089249 0.5943204868154157 0.047920892494928896 0.04868154158215013
2 0.8483138945233264 0.6561866125760649 0.06731744421906698 0.06288032454361052
2 0.6035750507099391 0.5354969574036511 0.03879310344827587 0.03651115618661251
2 0.5567951318458418 0.5010141987829614 0.03422920892494929 0.02434077079107503
2 0.5294117647058824 0.4645030425963489 0.03422920892494929 0.032454361054766706
2 0.2783975659229209 0.45740365111561865 0.029665314401622744 0.026369168356997933
