2 0.9185888738127546 0.8804462535805819 0.11668928086838534 0.11578471279963808
13 0.3826322930800543 0.5005276647067691 0.03256445047489819 0.0361827227498869
13 0.3473541383989145 0.48846675712347354 0.02985074626865675 0.04583144881652345
13 0.30664857530529177 0.478818031056837 0.03527815468113975 0.04583144881652352
13 0.27137042062415195 0.4679632142318709 0.029850746268656712 0.04824363033318257
13 0.23609226594301222 0.45469621589024567 0.03256445047489827 0.050655811849841685
13 0.19945725915875173 0.44987185285692743 0.02442333785617368 0.060304537916478156
13 0.1960651289009498 0.21227197346600327 0.044776119402985065 0.0385949042665461
13 0.2435549525101764 0.2026232473993668 0.04206241519674357 0.04341926729986433
13 0.2937584803256445 0.2050354289160259 0.042062415196743606 0.0385949042665461
13 0.34328358208955223 0.21106588270767376 0.0379918588873813 0.05065581184984172
13 0.3941655359565807 0.2195085180159807 0.0420624151967435 0.0530679933665008
13 0.4402985074626865 0.2195085180159807 0.044776119402985086 0.02894617819990952
13 0.6485753052917232 0.3630333182571988 0.03527815468113971 0.03135835971656867
13 0.6824966078697423 0.36423940901552837 0.027137042062415306 0.04341926729986433
13 0.7164179104477612 0.3726820443238354 0.027137042062415306 0.045831448816523374
13 0.7523744911804613 0.3847429519071311 0.03392130257801909 0.05548017488315999
13 0.7978290366350067 0.39318558721543795 0.03527815468113971 0.05306799336650087
13 0.8432835820895522 0.40042213176541536 0.04477611940298488 0.0530679933665008
