2 0.4871957403651116 0.27687626774847873 0.3651115618661258 0.11967545638945236
2 0.5277003042596349 0.14300202839756593 0.4096095334685599 0.1440162271805274
2 0.27497464503042596 0.4168356997971603 0.08215010141987833 0.06693711967545639
2 0.35997718052738337 0.42089249492900604 0.07416328600405678 0.06288032454361059
2 0.4352814401622717 0.42292089249492903 0.06503549695740368 0.06288032454361052
2 0.5134381338742393 0.411764705882353 0.0844320486815417 0.05679513184584181
2 0.6058569979716024 0.411764705882353 0.08443204868154147 0.05679513184584181
2 0.7045512170385396 0.4087221095334686 0.09013691683569974 0.06288032454361059
2 0.19738843813387427 0.6247464503042596 0.079868154158215 0.04868154158215013
2 0.19681795131845842 0.7028397565922921 0.08329107505070993 0.07099391480730233
2 0.19282454361054768 0.8184584178498986 0.09127789046653144 0.07505070993914799
2 0.2065162271805274 0.9523326572008114 0.09127789046653144 0.0953346855983773
2 0.878549695740365 0.5973630831643003 0.0570486815415822 0.06693711967545646
2 0.9344574036511156 0.6450304259634888 0.07530425963488838 0.06085192697768761
