13 0.06716417910447761 0.5825418362731796 0.1289009497964722 0.1326699834162522
13 0.28086838534599734 0.6259611035730438 0.13839891451831754 0.1230212573496155
13 0.4837177747625509 0.6874717322478517 0.14246947082767975 0.1350821649329113
22 0.6994572591587517 0.777928539122569 0.1343283582089552 0.13749434644957034
22 0.4993215739484396 0.9045680687471733 0.04613297150610578 0.08683853459972866
22 0.5549525101763908 0.8346148047640586 0.0379918588873813 0.07236544549977396
22 0.7164179104477613 0.5873661993064979 0.03256445047489819 0.07477762701643301
22 0.7659430122116688 0.5113824815317353 0.04477611940298516 0.0916628976330469
22 0.8127544097693351 0.44987185285692743 0.03256445047489819 0.07960199004975116
22 0.8541383989145183 0.3883612241821197 0.03663500678426061 0.07718980853309204
22 0.898236092265943 0.31599577868234585 0.037991858887381366 0.08683853459972866
22 0.9416553595658073 0.26292778531584504 0.03527815468113971 0.07718980853309212
20 0.6383989145183174 0.5825418362731796 0.1289009497964721 0.09889944218302432
