2 0.05362576064908722 0.32454361054766734 0.05933062880324544 0.03651115618661258
2 0.09470081135902637 0.3133874239350913 0.043356997971602425 0.054766734279918836
2 0.1386282961460446 0.29918864097363085 0.03537018255578092 0.07099391480730219
2 0.17399847870182555 0.29310344827586204 0.03993407707910752 0.03853955375253555
2 0.20879817444219065 0.281947261663286 0.04107505070993913 0.04056795131845842
2 0.2498732251521298 0.26369168356997974 0.05020283975659229 0.04056795131845842
13 0.19852941176470587 0.10344827586206896 0.03422920892494929 0.04056795131845842
13 0.2629944219066937 0.1257606490872211 0.030806288032454353 0.05273833671399595
13 0.3268889452332657 0.15010141987829612 0.035370182555780935 0.06490872210953347
13 0.39591784989858014 0.1693711967545639 0.03651115618661251 0.05882352941176471
13 0.4649467545638945 0.19574036511156187 0.03308823529411768 0.06288032454361052
13 0.5436739350912778 0.2129817444219067 0.0353701825557809 0.077079107505071
13 0.619548681541582 0.24137931034482762 0.031947261663286 0.05679513184584177
