13 0.3816556795131846 0.3945233265720081 0.0422160243407707 0.05070993914807296
13 0.4307175456389452 0.4066937119675456 0.044497971602434065 0.050709939148073035
13 0.48206135902636915 0.41582150101419885 0.03765212981744412 0.04868154158215013
13 0.530552738336714 0.42292089249492903 0.04107505070993909 0.04665314401622716
13 0.5767621703853955 0.41784989858012167 0.03765212981744419 0.04462474645030433
13 0.6184077079107504 0.4077079107505071 0.03422920892494929 0.04868154158215006
13 0.6532074036511156 0.40365111561866124 0.033088235294117536 0.04868154158215006
13 0.6931414807302234 0.3985801217038535 0.039934077079107066 0.0466531440162277
13 0.6151698119951111 0.1862912822984373 0.1312119675456397 0.054766734279919085
13 0.6087094320486816 0.04868154158215011 0.005704868154158263 0.024340770791075054
13 0.5562246450304261 0.3083164300202839 0.033088235294117634 0.04462474645030435
13 0.6281059837728196 0.30324543610547666 0.03308823529411761 0.03042596348884377
13 0.6811612576064908 0.2971602434077079 0.03194726166328607 0.03853955375253548
13 0.7313640973630833 0.2829614604462474 0.02738336713995949 0.050709939148073035
13 0.7781440162271807 0.27281947261663286 0.02281947261663291 0.050709939148073
13 0.818078093306288 0.26267748478701824 0.020537525354969544 0.046653144016227194
13 0.7775735294117648 0.3681541582150101 0.02852434077079091 0.03448275862068957
13 0.8266353955375249 0.3509127789046652 0.03537018255578163 0.028397565922920576
