2 0.5065922920892495 0.11764705882352942 0.495182555780933 0.14198782961460446
2 0.4860547667342799 0.2515212981744422 0.351419878296146 0.1054766734279919
2 0.20993914807302233 0.6622718052738337 0.08443204868154158 0.05882352941176471
2 0.20879817444219065 0.766734279918864 0.08671399594320488 0.06896551724137921
2 0.2122210953346856 0.8904665314401623 0.09584178498985803 0.08519269776876272
2 0.21108012170385393 0.5831643002028397 0.07302231237322512 0.05882352941176471
2 0.2846729208924949 0.383367139959432 0.07872718052738331 0.06490872210953348
2 0.36054766734279914 0.38235294117647056 0.063894523326572 0.050709939148073035
2 0.4335699797160244 0.38438133874239355 0.0661764705882353 0.07910750507099387
2 0.5117266734279918 0.38336713995943206 0.08329107505071001 0.06896551724137936
2 0.6030045638945234 0.3803245436105477 0.08100912778904672 0.07099391480730219
2 0.6948529411764706 0.3711967545638945 0.09127789046653134 0.05679513184584181
2 0.8637170385395538 0.5598377281947262 0.05933062880324527 0.06085192697768754
2 0.9104969574036511 0.5983772819472617 0.06845841784989858 0.06085192697768754
2 0.9752155172413793 0.669574033416067 0.04956896551724142 0.07342798569623163
