2 0.07074036511156187 0.5709939148073023 0.04563894523326572 0.04259634888438136
2 0.11010395537525355 0.565922920892495 0.04221602434077077 0.052738336713996005
2 0.14490365111561865 0.5557809330628803 0.041075050709939144 0.04462474645030419
2 0.17856237322515212 0.5496957403651116 0.0353701825557809 0.03651115618661265
2 0.20822768762677485 0.537525354969574 0.03993407707910752 0.032454361054766706
2 0.23789300202839755 0.5172413793103448 0.0444979716024341 0.04056795131845838
13 0.20252281947261663 0.3782961460446248 0.03308823529411765 0.04665314401622723
13 0.2863843813387424 0.41886409736308317 0.031947261663286 0.054766734279918836
13 0.34571501014198786 0.4320486815415821 0.031947261663286 0.05679513184584181
13 0.40276369168357 0.45537525354969577 0.02966531440162271 0.04665314401622723
13 0.46551724137931033 0.4716024340770791 0.03651115618661265 0.054766734279918905
13 0.5311232251521298 0.4929006085192698 0.028524340770791027 0.052738336713995936
13 0.6035750507099391 0.5121703853955375 0.03651115618661265 0.05882352941176471
13 0.5225659229208925 0.26876267748478705 0.3902129817444219 0.07910750507099394
13 0.8386156186612576 0.38336713995943206 0.029665314401622567 0.032454361054766706
13 0.8985167342799188 0.4016227180527383 0.0216784989858013 0.03651115618661251
13 0.9316049695740364 0.40973630831643 0.0285243407707911 0.03651115618661251
13 0.9732505070993915 0.4239350912778905 0.03422920892494929 0.04868154158215013
13 0.04563894523326572 0.22718052738336716 0.03651115618661257 0.04462474645030426
13 0.08557302231237322 0.231237322515213 0.03194726166328601 0.04462474645030426
13 0.12265466531440161 0.23427991886409738 0.03308823529411765 0.04259634888438136
13 0.17057555780933065 0.23225152129817445 0.03765212981744423 0.04259634888438136
13 0.20879817444219065 0.23833671399594322 0.031947261663286035 0.042596348884381324
