12 0.8290366350067842 0.337705412332278 0.09769335142469472 0.04824363033318253
12 0.9484396200814111 0.33649932157394846 0.07327001356852109 0.05065581184984165
12 0.844640434192673 0.46193276044022313 0.033921302578018814 0.0313583597165686
12 0.8941655359565808 0.5222372983567013 0.05427408412483033 0.045831448816523374
12 0.8195386702849389 0.42936830996532493 0.027137042062415163 0.024121815166591246
12 0.5915875169606513 0.19297452133273027 0.024423337856173646 0.01929745213327305
12 0.6146540027137043 0.19056233981607115 0.01628222523744917 0.024121815166591284
12 0.6397557666214383 0.19176843057440074 0.02035278154681137 0.026533996683250436
12 0.6689280868385346 0.19056233981607115 0.021709633649932128 0.024121815166591284
12 0.6933514246947082 0.19056233981607118 0.021709633649932128 0.028946178199909554
12 0.7225237449118046 0.19418061209105986 0.025780189959294403 0.03135835971656867
12 0.7557666214382632 0.19418061209105986 0.03527815468113985 0.0217096336499322
12 0.7862957937584804 0.1929745213327303 0.02306648575305289 0.02412181516659132
