13 0.26255088195386705 0.3690637720488466 0.08819538670284938 0.0964872606663652
13 0.3582089552238806 0.36423940901552837 0.0895522388059701 0.08683853459972866
13 0.45658073270013566 0.37147595356550583 0.07734056987788335 0.11096034976631987
13 0.5515603799185889 0.38233077039047186 0.07734056987788328 0.08925071611638771
13 0.6506105834464043 0.38594904266546054 0.0800542740841248 0.08201417156641036
13 0.7489823609226594 0.3955977687320971 0.07869742198100411 0.07718980853309212
13 0.6709633649932158 0.4896728478818031 0.05291723202170985 0.06271671943313727
13 0.776797829036635 0.5101763907734056 0.05020352781546805 0.06512890094979645
13 0.89280868385346 0.5318860244233379 0.05698778833107198 0.06512890094979645
13 0.9633649932157394 0.5487712950399518 0.062415196743555015 0.0844263530830694
