13 0.0943012211668928 0.34976631991557366 0.1451831750339213 0.19779888436604853
13 0.21709633649932158 0.29549223579074324 0.07869742198100407 0.12302125734961557
13 0.2829036635006784 0.2930800542740841 0.03392130257801899 0.08442635308306944
13 0.35142469470827675 0.1290517111412634 0.0651289009497965 0.07960199004975126
13 0.4308005427408412 0.11578471279963817 0.06919945725915873 0.05306799336650082
13 0.5128900949796471 0.11216644052464948 0.062415196743554946 0.07960199004975124
13 0.6024423337856174 0.11819689431629729 0.0597014925373135 0.08201417156641039
13 0.8181818181818181 0.2725765113824815 0.03527815468113971 0.05789235639981911
13 0.8704206241519674 0.28222523744911804 0.05020352781546805 0.07236544549977389
13 0.9436906377204886 0.29187396351575456 0.06377204884667563 0.1013116236996834
