22 0.6754563894523327 0.05070993914807302 0.03879310344827587 0.028397565922920892
22 0.719383874239351 0.0537525354969574 0.035370182555780755 0.03042596348884381
22 0.7621703853955375 0.05882352941176471 0.03879310344827573 0.04868154158215011
22 0.808379817444219 0.06186612576064908 0.03993407707910748 0.04665314401622718
22 0.8477434077079107 0.06490872210953347 0.03194726166328593 0.04056795131845842
22 0.8905299188640973 0.06693711967545639 0.030806288032454318 0.024340770791075047
22 0.9276115618661257 0.06592292089249492 0.029665314401622567 0.026369168356997968
22 0.9755324543610547 0.06795131845841786 0.04107505070993909 0.034482758620689655
22 0.8768382352941176 0.10649087221095335 0.044497971602434065 0.030425963488843823
22 0.9196247464503042 0.10547667342799188 0.03879310344827587 0.03651115618661258
22 0.9601293103448276 0.1024340770791075 0.037652129817444265 0.026369168356997968
13 0.23846348884381335 0.45841784989858014 0.03651115618661255 0.03651115618661251
13 0.2789680527383367 0.4411764705882352 0.035370182555780935 0.04259634888438136
13 0.3137677484787018 0.42089249492900604 0.031947261663286035 0.054766734279918905
13 0.3422920892494929 0.4087221095334685 0.025101419878296127 0.05882352941176471
13 0.3696754563894524 0.385395537525355 0.02966531440162278 0.06085192697768761
13 0.38964249492900604 0.36612576064908725 0.0285243407707911 0.08722109533468568
13 0.4187373225152129 0.36004056795131845 0.022819472616632835 0.06288032454361052
13 0.1614477687626775 0.36713995943204863 0.037652129817444244 0.04056795131845838
13 0.2224898580121704 0.19675456389452328 0.14832657200811358 0.09330628803245432
13 0.09184837728194725 0.5101419878296146 0.04906186612576065 0.03853955375253548
13 0.14832657200811358 0.502028397565923 0.047920892494929014 0.050709939148073105
13 0.19510649087221096 0.48377281947261663 0.038793103448275905 0.04665314401622723
13 0.02966531440162272 0.5162271805273834 0.04563894523326572 0.054766734279918905
13 0.07016987829614604 0.36511156186612576 0.030806288032454363 0.06085192697768761
13 0.1169497971602434 0.3711967545638945 0.03993407707910748 0.05679513184584181
13 0.201381845841785 0.36308316430020277 0.03308823529411765 0.04868154158215006
13 0.24188640973630832 0.3468559837728195 0.03651115618661262 0.03651115618661251
13 0.26926977687626774 0.3336713995943205 0.03422920892494929 0.04665314401622716
13 0.3012170385395537 0.3225152129817444 0.029665314401622744 0.04056795131845838
