13 0.5047489823609227 0.28463741896577716 0.03256445047489819 0.0723654454997738
13 0.5522388059701493 0.3232323232323232 0.03799185888738123 0.08201417156641036
13 0.6037991858887382 0.37509422584049446 0.04884667571234736 0.08925071611638778
13 0.6743554952510177 0.4293683099653249 0.06512890094979638 0.10131162369968337
13 0.7632293080054273 0.46675712347354137 0.08548168249660776 0.09889944218302425
13 0.8697421981004072 0.5162068445650535 0.09226594301221169 0.0916628976330469
13 0.9633649932157394 0.5538368725442391 0.07327001356852109 0.09938187112496223
13 0.46607869742198105 0.2388059701492537 0.03934871099050206 0.06754108246645554
13 0.4301221166892809 0.1990049751243781 0.027137042062415233 0.06995326398311473
13 0.39620081411126196 0.1592039800995025 0.03256445047489827 0.0675410824664556
13 0.37109905020352785 0.13387607417458164 0.02849389416553599 0.08442635308306952
13 0.9145183175033921 0.22915724408261717 0.05156037991858895 0.08683853459972862
