2 0.3093622795115333 0.20744761043268503 0.13568521031207598 0.08201417156641039
2 0.44640434192673 0.2098597919493442 0.13297150610583444 0.07718980853309212
2 0.41723202170963364 0.08925071611638775 0.7937584803256444 0.15437961706618422
2 0.21370420624151967 0.31961405095733453 0.058344640434192706 0.04583144881652345
2 0.2781546811397558 0.31840796019900497 0.059701492537313425 0.0530679933665008
2 0.33717774762550884 0.3172018694406754 0.044776119402985017 0.050655811849841685
2 0.407055630936228 0.3147896879240163 0.06784260515603797 0.06512890094979645
2 0.4843962008141112 0.32443841399065276 0.06784260515603797 0.05548017488315999
2 0.5651289009497965 0.3196140509573346 0.07462686567164177 0.060304537916478225
2 0.7042062415196743 0.46916930499020054 0.06241519674355487 0.045831448816523374
2 0.7455902306648575 0.5089703000150761 0.061058344640434255 0.04824363033318257
2 0.8175033921302578 0.5680687471732248 0.05834464043419274 0.04583144881652345
2 0.9023066485753053 0.6609377355646012 0.07598371777476273 0.053067993366500726
2 0.9748982360922659 0.7805819351101971 0.05020352781546805 0.07526005595837106
2 0.9118046132971506 0.3147896879240163 0.09226594301221169 0.06995326398311477
