2 0.39077340569877883 0.06512890094979645 0.7815468113975577 0.1302578018995929
2 0.43215739484396193 0.17367706919945725 0.12075983717774769 0.07718980853309212
2 0.29579375848032563 0.16402834313282075 0.13568521031207603 0.06271671943313734
2 0.2103120759837178 0.2774008744157998 0.054274084124830396 0.04824363033318257
2 0.2672998643147897 0.27498869289914063 0.05156037991858884 0.05789235639981911
2 0.32971506105834464 0.27860696517412936 0.0434192672998643 0.04583144881652345
2 0.3887381275440977 0.2798130559324589 0.06648575305291729 0.06271671943313738
2 0.4586160108548168 0.27137042062415195 0.06784260515603797 0.05548017488315999
2 0.5393487109905021 0.27378260214081107 0.06919945725915873 0.05548017488315999
2 0.8663500678426053 0.2677521483491633 0.08276797829036625 0.04341926729986437
2 0.6729986431478969 0.4161013116236997 0.05156037991858895 0.041007085783205215
2 0.7157394843962007 0.45228403437358655 0.052917232021709566 0.041007085783205215
2 0.7781546811397558 0.5150007538067239 0.0583446404341926 0.060304537916478156
2 0.850067842605156 0.5861601085481684 0.07462686567164184 0.07236544549977389
2 0.94640434192673 0.7079752751394542 0.0854816824966079 0.06995326398311462
