13 0.09983519269776878 0.26064908722109537 0.17913286004056797 0.05476673427991887
13 0.4906186612576065 0.2880324543610548 0.41303245436105485 0.0527383367139959
13 0.8936359026369167 0.46166328290896774 0.21272819472616625 0.12413792484430461
13 0.15060851926977686 0.4077079107505071 0.02966531440162271 0.04868154158215006
13 0.18198529411764708 0.4249492900608519 0.02624239350912781 0.050709939148073035
13 0.20879817444219068 0.4391480730223124 0.022819472616632835 0.04665314401622716
13 0.23732251521298176 0.44929006085192696 0.02966531440162271 0.050709939148073035
13 0.2647058823529412 0.4563894523326572 0.02510141987829616 0.04462474645030426
13 0.29437119675456386 0.46551724137931033 0.025101419878296092 0.04665314401622716
13 0.3280299188640974 0.47870182555780927 0.0285243407707911 0.04868154158215013
13 0.35997718052738337 0.4918864097363083 0.023960446247464517 0.054766734279918836
13 0.3902129817444219 0.4969574036511156 0.03651115618661258 0.052738336713996005
13 0.42216024340770786 0.5060851926977687 0.02966531440162271 0.05882352941176471
13 0.45924188640973623 0.5192697768762677 0.03080628803245439 0.056795131845841666
13 0.49233012170385393 0.5304259634888439 0.02624239350912781 0.054766734279918836
13 0.5265593306288032 0.5365111561866126 0.026242393509127878 0.05070993914807296
13 0.5625 0.5476673427991886 0.03651115618661251 0.06490872210953348
2 0.05590770791075052 0.6115618661257607 0.04107505070993915 0.04259634888438136
2 0.09127789046653144 0.6014198782961461 0.043356997971602446 0.050709939148073035
2 0.12664807302231232 0.5943204868154157 0.03879310344827586 0.040567951318458285
2 0.18084432048681554 0.5679513184584176 0.07872718052738309 0.06490872210953343
