13 0.2122210953346856 0.11359026369168357 0.03422920892494925 0.048681541582150094
13 0.2772565922920892 0.1359026369168357 0.031947261663286035 0.05273833671399595
13 0.3434330628803245 0.16024340770791073 0.034229208924949364 0.052738336713995936
13 0.4130324543610548 0.1815415821501014 0.03879310344827587 0.05476673427991889
13 0.48662525354969577 0.20182555780933065 0.03993407707910748 0.05882352941176468
13 0.5625 0.2210953346855984 0.03651115618661251 0.06490872210953348
13 0.6417976673427992 0.24949290060851928 0.04906186612576065 0.06085192697768765
2 0.028524340770791076 0.3123732251521298 0.05704868154158215 0.044624746450304224
2 0.07302231237322515 0.31135902636916835 0.04335699797160244 0.04665314401622716
2 0.11409736308316429 0.3022312373225152 0.05248478701825558 0.048681541582150094
2 0.15003803245436106 0.29208924949290066 0.04221602434077079 0.04056795131845842
2 0.1859787018255578 0.281947261663286 0.04563894523326575 0.04056795131845842
2 0.2264832657200811 0.2535496957403651 0.060471602434077065 0.048681541582150094
