11 0.21251629726205998 0.3395625090540345 0.07040417209908732 0.03940315804722591
11 0.38396349413298564 0.49833405765609157 0.11082138200782268 0.04172099087353331
11 0.45632333767926986 0.24337244676227726 0.24511082138200777 0.07417065044183686
11 0.056714471968709254 0.29436476894104013 0.10821382007822684 0.02781399391568886
11 0.17405475880052151 0.2769810227437346 0.10039113428943937 0.034767492394611035
11 0.3005215123859192 0.24221353034912357 0.05867014341590618 0.02549616108938146
11 0.26336375488917857 0.20860495436766624 0.03911342894393744 0.046356656526148045
11 0.34485006518904826 0.19817470664928294 0.02998696219035203 0.05331015500507025
11 0.4869621903520208 0.16456613066782558 0.04302477183833119 0.06953498478922207
11 0.6075619295958279 0.16572504708097927 0.04172099087353324 0.05331015500507027
11 0.726205997392438 0.15181805012313487 0.04432855280312893 0.06721715196291468
11 0.8591916558018252 0.14022888599159786 0.04432855280312907 0.05331015500507025
11 0.7842242503259452 0.1831087932782848 0.09517601043024769 0.027813993915688826
11 0.6675358539765319 0.19469795740982182 0.08604954367666232 0.03244965956830363
11 0.560625814863103 0.20049253947559031 0.08083441981747065 0.025496161089381422
