13 0.20895522388059704 0.3545906829488919 0.04070556309362281 0.06271671943313734
13 0.26051560379918587 0.37630031659882407 0.04341926729986433 0.06271671943313734
13 0.31139755766621435 0.3859490426654606 0.05020352781546812 0.05789235639981911
13 0.3622795115332428 0.4004221317654151 0.04341926729986441 0.06754108246645561
13 0.4192672998643148 0.41127694859038144 0.059701492537313425 0.06995326398311477
13 0.7774762550881954 0.215890245740992 0.04884667571234729 0.05065581184984172
13 0.8242876526458616 0.2267450625659581 0.03663500678426061 0.05306799336650084
13 0.8744911804613298 0.2388059701492537 0.044776119402985017 0.0482436303331826
13 0.9240162822252374 0.25569124076586763 0.04613297150610578 0.0530679933665008
13 0.9789687924016282 0.2679933628201323 0.04206241519674364 0.05355042230843889
13 0.5644504748982361 0.03618272274988693 0.06512890094979638 0.04341926729986431
13 0.49321573948439623 0.028946178199909543 0.07462686567164184 0.048243630333182574
13 0.42198100407055633 0.028946178199909543 0.07598371777476252 0.048243630333182574
13 0.35617367706919945 0.022915724408261718 0.06648575305291729 0.03618272274988693
13 0.2890094979647218 0.02532790592492085 0.05698778833107191 0.0506558118498417
