17 0.890212981744422 0.3206896520773248 0.21957403651115615 0.06531439543253974
17 0.5898833671399594 0.32555780933062883 0.31490872210953336 0.06693711967545642
17 0.23218813387423937 0.32860040567951315 0.33658722109533473 0.06896551724137928
17 0.17628042596348883 0.38945233265720086 0.17685091277890463 0.04462474645030426
17 0.35997718052738337 0.38640973630831643 0.16544117647058823 0.03853955375253548
17 0.5294117647058824 0.3864097363083164 0.1528904665314402 0.04259634888438136
17 0.6931414807302231 0.3813387423935092 0.14946754563894524 0.032454361054766775
17 0.8597236308316429 0.3762677484787018 0.14490365111561856 0.034482758620689606
17 0.8374746450304259 0.550709939148073 0.16658215010141986 0.06288032454361059
17 0.2995055780933063 0.6703853955375253 0.36168864097363085 0.3509127789046652
