17 0.2207783975659229 0.3438133874239351 0.3183316430020284 0.07505070993914806
17 0.559077079107505 0.3438133874239351 0.28980730223123735 0.07099391480730223
17 0.8696754563894524 0.32677484477509355 0.26064908722109537 0.06125760030069404
17 0.16658215010141986 0.4016227180527383 0.16430020283975658 0.03651115618661251
17 0.03422920892494929 0.3997971571483187 0.06845841784989858 0.027991892599914435
17 0.33772819472616633 0.3935091277890466 0.14832657200811364 0.028397565922920906
17 0.498605476673428 0.39249492900608524 0.14376267748478702 0.03448275862068968
17 0.6594827586206897 0.39148073022312374 0.1483265720081136 0.03651115618661265
17 0.8078093306288032 0.3874239350912779 0.1437626774847871 0.04056795131845838
17 0.9466911764705881 0.3764705851402051 0.10661764705882362 0.03488843194369608
17 0.7895537525354971 0.5557809330628802 0.15973630831643007 0.06896551724137928
17 0.2829614604462475 0.6622718052738337 0.3194726166328601 0.33062880324543614
