13 0.22862957937584802 0.346148047640585 0.10447761194029852 0.06030453791647819
13 0.17571234735413838 0.25569124076586763 0.058344640434192706 0.10131162369968337
13 0.5800542740841248 0.06392281019146691 0.8263229308005426 0.12784562038293382
13 0.89280868385346 0.6163123775064074 0.027137042062415163 0.08442635308306948
13 0.9267299864314791 0.6126941052314187 0.02985074626865682 0.09648726066636513
13 0.9572591587516962 0.6126941052314188 0.02849389416553592 0.11096034976631991
13 0.989145183175034 0.6225840457690243 0.021709633649932128 0.11626714174157626
13 0.683853459972863 0.619930649781396 0.03256445047489834 0.06754108246645557
17 0.6004070556309362 0.4100708578320518 0.2211668928086838 0.08683853459972866
17 0.5956580732700135 0.18935624905774162 0.17639077340569875 0.10372380521634252
