12 0.8148631029986961 0.3882369984064899 0.2816166883963494 0.08112414892075905
12 0.8226857887874837 0.6420396928871506 0.0547588005215124 0.060263653483992596
12 0.7601043024771837 0.5620744603795452 0.0573663624511083 0.04867448935245548
12 0.7196870925684484 0.515717803853397 0.04172099087353331 0.04867448935245548
12 0.40808344198174706 0.19238012458351442 0.02607561929595825 0.04172099087353324
12 0.44067796610169496 0.19238012458351442 0.02868318122555415 0.03244965956830363
12 0.4771838331160365 0.1877444589308996 0.03389830508474574 0.03708532522091843
12 0.5097783572359843 0.18890337534405333 0.02607561929595825 0.04867448935245545
12 0.5469361147327249 0.1877444589308996 0.03780964797913953 0.046356656526148045
12 0.5880052151238593 0.1865855425177459 0.036505867014341574 0.034767492394611035
12 0.6310299869621904 0.1854266261045922 0.02868318122555415 0.04172099087353324
12 0.6760104302477182 0.1865855425177459 0.04563233376792695 0.05331015500507027
