16 0.598371777476255 0.20624151967435553 0.15468113975576664 0.07477762701643297
17 0.3256445047489824 0.3799185888738127 0.1004070556309362 0.04100708578320528
17 0.43487109905020355 0.3702698628071762 0.11533242876526457 0.050655811849841685
17 0.22388059701492538 0.3895673149404493 0.09497964721845317 0.05548017488315999
13 0.3242876526458616 0.4993215739484396 0.04613297150610581 0.06754108246645557
13 0.3690637720488466 0.48726066636514404 0.03527815468113978 0.0530679933665008
13 0.40027137042062416 0.4800241218151666 0.03527815468113971 0.06754108246645557
13 0.4355495251017639 0.47037539574853016 0.02985074626865675 0.07236544549977389
13 0.47896879240162815 0.45228403437358655 0.027137042062415233 0.05548017488315992
13 0.8032564450474898 0.14955525403286596 0.18995929443690643 0.04824363033318255
