12 0.41069100391134283 0.15413588294944225 0.02868318122555415 0.030131826741996246
12 0.44393741851368973 0.1529769665362886 0.0273794002607562 0.03708532522091843
12 0.47783572359843546 0.15181805012313487 0.024771838331160367 0.039403158047225835
12 0.5143415906127771 0.1529769665362886 0.03259452411994793 0.04172099087353324
12 0.5508474576271186 0.15181805012313487 0.03520208604954363 0.04403882369984064
12 0.590612777053455 0.15065913370998119 0.03389830508474581 0.03708532522091843
12 0.6329856584093873 0.15413588294944228 0.03780964797913953 0.04867448935245545
12 0.6786179921773143 0.15065913370998119 0.03520208604954363 0.046356656526148045
12 0.8252933507170794 0.3511516731855715 0.30247718383311606 0.10430247718383309
12 0.7183833116036504 0.47515572939301753 0.039113428943937406 0.04172099087353317
12 0.7640156453715775 0.5191945530928581 0.04954367666232073 0.046356656526148045
12 0.8285528031290744 0.6003187020136173 0.07692307692307693 0.06489931913660733
