17 0.2806795131845842 0.6460446247464503 0.38564908722109537 0.37931034482758624
17 0.2042342799188641 0.27687626774847873 0.38336713995943206 0.07099391480730226
17 0.15060851926977686 0.3438133874239351 0.19396551724137928 0.03853955375253548
17 0.34286257606490866 0.3397565922920893 0.17456896551724135 0.03853955375253548
17 0.5984406693711968 0.2718052738336714 0.32745943204868155 0.077079107505071
17 0.902193204868154 0.26389452023148297 0.19561359026369174 0.06531439543253992
17 0.5288412778904664 0.3377281947261664 0.17228701825557813 0.03448275862068964
17 0.7045512170385396 0.3316430020283975 0.16772312373225148 0.03042596348884377
17 0.8939528397565922 0.32352941176470595 0.16772312373225148 0.03853955375253548
17 0.8671399594320487 0.5223123732251521 0.1848377281947262 0.06288032454361044
