1 0.6594301221166893 0.5318860244233379 0.09769335142469465 0.060304537916478156
1 0.8161465400271369 0.5668626564148953 0.1451831750339214 0.06271671943313742
1 0.9559023066485753 0.5972561398441034 0.08819538670284942 0.07043569292505282
1 0.3663500678426051 0.2496607869742198 0.13297150610583441 0.05548017488315999
1 0.5061058344640434 0.2641338760741746 0.12483039348710989 0.03135835971656867
1 0.6065128900949797 0.29911050806573203 0.06512890094979638 0.024121815166591284
1 0.6729986431478969 0.30514096185737977 0.056987788331072126 0.0265339966832504
1 0.7381275440976932 0.30875923413236844 0.06512890094979654 0.024121815166591246
1 0.805291723202171 0.3147896879240163 0.061058344640434116 0.021709633649932166
1 0.5427408412483039 0.2979044173074024 0.05698778833107191 0.021709633649932093
1 0.4810040705563094 0.29187396351575456 0.052917232021709636 0.01929745213327305
1 0.42740841248303935 0.2894617819990954 0.04341926729986433 0.03377054123322783
1 0.37652645861601086 0.28704960048243633 0.04748982360922661 0.01929745213327301
1 0.23541383989145184 0.23398160711593546 0.10719131614654004 0.06754108246645557
