2 0.2550076064908722 0.6359026369168358 0.06503549695740364 0.054766734279918766
2 0.30578093306288034 0.5993914807302231 0.05704868154158209 0.03853955375253548
2 0.3320233265720081 0.579107505070994 0.04107505070993913 0.034482758620689606
2 0.32974137931034475 0.515212981744422 0.03651115618661245 0.02434077079107493
2 0.32745943204868155 0.4756592292089249 0.029665314401622744 0.018255578093306257
2 0.32688894523326567 0.4401622718052738 0.028524340770791065 0.016227180527383426
2 0.4118914807302231 0.25557809330628806 0.3651115618661258 0.06490872210953348
2 0.4204487829614604 0.3012170385395537 0.10382860040567955 0.03042596348884377
2 0.4255831643002028 0.3448275862068965 0.16886409736308322 0.02434077079107503
2 0.6292469574036511 0.3438133874239351 0.044497971602434065 0.018255578093306326
2 0.5915948275862069 0.4411764705882353 0.026242393509127736 0.018255578093306326
2 0.6218306288032455 0.47667342799188644 0.03194726166328593 0.02434077079107503
2 0.6611942190669372 0.5253549695740365 0.0353701825557809 0.02434077079107503
2 0.7108265720081135 0.5649087221095335 0.03879310344827587 0.03853955375253548
2 0.757036004056795 0.5892494929006085 0.03993407707910762 0.04259634888438136
2 0.868851419878296 0.6359026369168358 0.06047160243407703 0.05070993914807296
