2 0.3948439620081411 0.4860545756068144 0.11668928086838534 0.03618272274988698
2 0.5135685210312075 0.47278757726518916 0.10719131614654004 0.0530679933665008
2 0.6065128900949797 0.4607266696818935 0.08412483039348714 0.04824363033318257
2 0.6811397557666214 0.44987185285692743 0.051560379918588806 0.050655811849841685
2 0.7442333785617368 0.4426353083069501 0.055630936227951226 0.050655811849841685
2 0.7991858887381276 0.44384139906527964 0.0434192672998644 0.048243630333182554
2 0.4938941655359566 0.5560078395899292 0.13568521031207595 0.08925071611638778
2 0.621438263229308 0.5282677521483491 0.11668928086838534 0.08201417156641036
2 0.7340569877883312 0.5198251168400422 0.09226594301221169 0.07960199004975131
2 0.8181818181818181 0.4969093924317805 0.07327001356852109 0.06271671943313734
2 0.8887381275440976 0.478818031056837 0.06512890094979638 0.04583144881652352
2 0.3378561736770691 0.55359565807327 0.18181818181818177 0.07960199004975124
