13 0.8168249660786974 0.55359565807327 0.36092265943012214 0.49932157394843957
22 0.22523744911804613 0.0506558118498417 0.0705563093622795 0.0337705412332278
22 0.29918588873812757 0.048243630333182574 0.0637720488466757 0.03377054123322779
22 0.36770691994572585 0.04944972109151214 0.06512890094979645 0.04100708578320519
22 0.43419267299864317 0.04221317654153475 0.062415196743554946 0.031358359716568675
22 0.4972862957937585 0.04100708578320519 0.061058344640434255 0.03859490426654606
22 0.5583446404341927 0.03618272274988693 0.052917232021709636 0.028946178199909543
22 0.6194029850746269 0.03618272274988693 0.05834464043419274 0.028946178199909543
22 0.6770691994572592 0.03135835971656867 0.05427408412483033 0.0337705412332278
22 0.737449118046133 0.027740087441579978 0.052917232021709705 0.04100708578320519
22 0.7910447761194029 0.02170963364993216 0.05427408412483046 0.019297452133273035
22 0.8466757123473542 0.0168852706166139 0.051560379918588806 0.0337705412332278
22 0.5373134328358209 0.09528116990803558 0.07869742198100411 0.02653399668325042
22 0.6031207598371777 0.08925071611638775 0.05020352781546812 0.03859490426654606
22 0.6621438263229308 0.07839589929142168 0.051560379918588806 0.021709633649932156
22 0.7157394843962007 0.07839589929142168 0.05563093622795108 0.03618272274988693
22 0.7754409769335143 0.07598371777476255 0.05563093622795108 0.036182722749886924
22 0.8324287652645862 0.06512890094979648 0.0583446404341926 0.028946178199909543
22 0.889416553595658 0.06030453791647822 0.055630936227951365 0.03859490426654606
22 0.9450474898236092 0.054274084124830396 0.052917232021709566 0.041007085783205194
