12 0.3775766384778012 0.23890063424947147 0.041622621564482 0.0338266384778013
12 0.4168208245243129 0.23995771670190272 0.029730443974629994 0.03594080338266384
12 0.45487579281183926 0.23467230443974632 0.03924418604651159 0.0422832980972516
12 0.4976876321353065 0.2357293868921776 0.03924418604651159 0.052854122621564484
12 0.5399048625792812 0.2346723044397463 0.030919661733615128 0.04651162790697672
12 0.5850951374207187 0.23678646934460887 0.042811839323467285 0.04651162790697672
12 0.6350422832980973 0.23784355179704014 0.04994714587737846 0.04439746300211414
12 0.6838002114164904 0.2378435517970402 0.04281183932346721 0.04862579281183933
12 0.751585623678647 0.46405919661733613 0.14508456659619454 0.10782241014799154
12 0.9335359408033826 0.4693446088794926 0.12130021141649053 0.09302325581395345
12 0.7836945031712473 0.6627906976744186 0.052325581395348875 0.05708245243128964
12 0.8574260042283296 0.7547568710359408 0.07135306553911207 0.0676532769556026
