13 0.22862957937584805 0.3449419568822554 0.09362279511533245 0.08683853459972862
13 0.3263229308005427 0.33408714005728934 0.09090909090909087 0.08442635308306948
13 0.42265943012211665 0.5921905623398162 0.0637720488466757 0.08442635308306948
13 0.49253731343283574 0.5789235639981908 0.054274084124830396 0.06754108246645565
13 0.5637720488466758 0.572893110206543 0.052917232021709566 0.07960199004975124
13 0.6166892808683854 0.5753052917232021 0.044776119402985086 0.06512890094979654
13 0.6587516960651288 0.5777174732398612 0.03934871099050206 0.06512890094979654
13 0.6994572591587516 0.5753052917232021 0.03934871099050199 0.060304537916478294
13 0.7333785617367706 0.5704809286898839 0.025780189959294403 0.05548017488316006
13 0.7639077340569878 0.5704809286898839 0.027137042062415163 0.05548017488316006
22 0.8799185888738127 0.4426353083069501 0.08005427408412487 0.04583144881652345
22 0.9511533242876528 0.44384139906527964 0.0597014925373135 0.03377054123322786
