13 0.14246947082767977 0.6102819237147595 0.03799185888738126 0.0530679933665008
13 0.1784260515603799 0.6006331976481231 0.03392130257801902 0.05789235639981918
13 0.21166892808683854 0.5933966530981456 0.029850746268656712 0.0530679933665008
13 0.2516960651289009 0.5861601085481682 0.04206241519674354 0.04824363033318257
13 0.28426051560379917 0.5740992009648725 0.02849389416553592 0.05789235639981918
17 0.05291723202170963 0.5222372983567013 0.08955223880597014 0.036182722749886834
17 0.1390773405698779 0.5077642092567466 0.0881953867028494 0.026533996683250363
17 0.24084124830393486 0.49449721091512133 0.10447761194029848 0.0385949042665461
4 0.4002713704206242 0.346148047640585 0.14111261872455905 0.06512890094979643
13 0.5949796472184531 0.29308005427408407 0.15061058344640435 0.04100708578320513
