12 0.38127544097693344 0.13266998341625208 0.054274084124830396 0.04824363033318258
12 0.43419267299864317 0.13146389265792252 0.04613297150610578 0.055480174883159955
12 0.4830393487109905 0.13146389265792252 0.04070556309362289 0.05065581184984172
12 0.5413839891451832 0.13628825569124078 0.054274084124830396 0.041007085783205194
12 0.5915875169606513 0.13266998341625208 0.04341926729986433 0.06271671943313734
12 0.6451831750339213 0.13628825569124078 0.044776119402985017 0.041007085783205194
12 0.7143826322930801 0.13387607417458164 0.0583446404341926 0.0506558118498417
12 0.7801899592944369 0.12905171114126338 0.05698778833107184 0.050655811849841685
12 0.8704206241519674 0.4209256746570179 0.18860244233378565 0.10854816824966079
12 0.8378561736770692 0.6054575606814413 0.061058344640434255 0.04824363033318264
12 0.9002713704206241 0.6766169154228856 0.06648575305291715 0.060304537916478156
12 0.9701492537313433 0.8022915687601292 0.059701492537313355 0.10420623415828047
