2 0.4244421906693712 0.2109533468559838 0.43356997971602435 0.06896551724137932
2 0.4358519269776876 0.26369168356997974 0.1323529411764706 0.044624746450304294
2 0.42843559837728196 0.31643002028397565 0.2567190669371196 0.03651115618661258
2 0.6777383367139959 0.30730223123732253 0.05248478701825562 0.022312373225152095
2 0.670892494929006 0.4645030425963489 0.03651115618661265 0.03651115618661258
2 0.7153904665314401 0.5253549695740365 0.04107505070993909 0.03651115618661258
2 0.7752915821501014 0.5740365111561866 0.04221602434077085 0.04056795131845845
2 0.8323402636916835 0.6044624746450304 0.05590770791075045 0.04462474645030426
2 0.9589883367139959 0.6592292089249492 0.07188133874239341 0.04868154158215006
2 0.23789300202839755 0.6643002028397567 0.06959939148073019 0.06693711967545632
2 0.2955121703853955 0.6196754563894522 0.05704868154158213 0.05070993914807296
2 0.3280299188640974 0.5953346855983773 0.05362576064908722 0.04259634888438136
2 0.32346602434077076 0.524340770791075 0.042216024340770805 0.03853955375253562
2 0.32004310344827586 0.47363083164300207 0.042216024340770736 0.030425963488843806
2 0.3194726166328601 0.4300202839756592 0.03422920892494932 0.0202839756592293
2 0.3194726166328601 0.39553752535496955 0.03422920892494932 0.020283975659229226
