2 0.08956643002028399 0.47870182555780927 0.04677991886409736 0.052738336713995866
2 0.13178245436105476 0.4746450304259635 0.04449797160243408 0.04462474645030426
2 0.16886409736308317 0.46551724137931033 0.04335699797160244 0.03853955375253548
2 0.2065162271805274 0.45740365111561865 0.031947261663286 0.03853955375253548
2 0.23504056795131845 0.447261663286004 0.03879310344827587 0.030425963488843806
2 0.2686992900608519 0.436105476673428 0.04221602434077077 0.03651115618661251
2 0.2989350912778904 0.42494929006085186 0.04563894523326575 0.03853955375253548
13 0.26071247464503045 0.2829614604462474 0.0285243407707911 0.03448275862068968
13 0.3154792089249493 0.30933062880324547 0.026242393509127774 0.04665314401622716
13 0.3696754563894523 0.32860040567951315 0.03422920892494929 0.04462474645030426
13 0.4272946247464503 0.3407707910750507 0.023960446247464517 0.04462474645030426
13 0.48947768762677485 0.35902636916835706 0.031947261663286 0.04868154158215013
13 0.5533722109533469 0.3813387423935092 0.03422920892494929 0.052738336713995936
13 0.6121323529411764 0.3995943204868154 0.03308823529411768 0.04868154158215006
13 0.5807555780933064 0.16734279918864098 0.4061866125760648 0.0791075050709939
13 0.8893889452332658 0.2839756592292089 0.026242393509127878 0.03651115618661262
13 0.9475786004056794 0.29918864097363085 0.028524340770790958 0.042596348884381394
13 0.2732631845841785 0.1440162271805274 0.04906186612576065 0.04056795131845844
13 0.22990618661257606 0.13793103448275862 0.03308823529411765 0.03651115618661258
13 0.1871196754563894 0.13793103448275862 0.038793103448275836 0.03651115618661258
