13 0.2198100407055631 0.11216644052464948 0.040705563093622776 0.06995326398311474
13 0.276797829036635 0.13025780189959293 0.046132971506105847 0.08683853459972862
13 0.3310719131614654 0.15317352630785466 0.04070556309362281 0.0844263530830695
13 0.38466757123473544 0.17126488768279813 0.044776119402985017 0.08683853459972861
13 0.43826322930800543 0.18694406754108248 0.04884667571234729 0.07960199004975124
13 0.4993215739484396 0.19779888436604853 0.04613297150610578 0.08201417156641033
13 0.5522388059701493 0.22433288104929894 0.046132971506105847 0.07718980853309214
13 0.6099050203527816 0.23398160711593546 0.05020352781546805 0.09648726066636516
13 0.6736770691994574 0.2544851500075381 0.04477611940298516 0.07960199004975127
13 0.7306648575305291 0.2725765113824815 0.05020352781546819 0.0964872606663651
13 0.814111261872456 0.3087592341323685 0.08141112618724562 0.0916628976330469
2 0.030529172320217093 0.36303331825719887 0.050203527815468114 0.06995326398311477
