2 0.540251014198783 0.10953346855983773 0.5853194726166329 0.1744421906693712
2 0.40219320486815413 0.25963488843813387 0.1814148073022312 0.10953346855983767
2 0.5876014198782962 0.26166328600405675 0.16886409736308317 0.07302231237322512
2 0.2704107505070994 0.41784989858012167 0.08215010141987833 0.05679513184584181
2 0.35655425963488846 0.4249492900608519 0.0810091277890466 0.054766734279918836
2 0.4432682555780933 0.4249492900608519 0.07872718052738335 0.050709939148073035
2 0.5328346855983773 0.41886409736308317 0.095841784989858 0.054766734279918836
2 0.6400862068965517 0.41987829614604466 0.10040567951318465 0.06085192697768768
2 0.7530425963488844 0.4168356997971603 0.10725152129817445 0.054766734279918905
2 0.8380451318458418 0.41582150101419885 0.051343813387423866 0.04868154158215013
2 0.1779918864097363 0.663286004056795 0.07530425963488843 0.05679513184584181
2 0.17685091277890463 0.7474645030425964 0.07302231237322515 0.058823529411764636
2 0.17114604462474645 0.8823529411764706 0.08443204868154157 0.07707910750507097
2 0.9572768762677485 0.6267748478701826 0.06845841784989858 0.06896551724137914
