10 0.136897001303781 0.5110821382007823 0.08344198174706652 0.05794582065768509
10 0.24902216427640156 0.4670433145009416 0.0547588005215124 0.05331015500507028
10 0.34028683181225555 0.4287990728668694 0.04432855280312907 0.046356656526148114
10 0.42242503259452413 0.3882369984064899 0.04432855280312907 0.04403882369984061
10 0.45632333767926986 0.30363610024626975 0.039113428943937406 0.027813993915688826
10 0.499348109517601 0.30131826741996237 0.036505867014341574 0.03244965956830367
10 0.5423728813559322 0.2978415181805012 0.039113428943937475 0.034767492394611035
10 0.5847457627118644 0.2966826017673475 0.035202086049543696 0.027813993915688826
10 0.6264667535853977 0.2897291032884253 0.03780964797913953 0.03708532522091847
10 0.6668839634941329 0.290888019701579 0.03780964797913938 0.039403158047225835
10 0.7092568448500651 0.2897291032884253 0.039113428943937406 0.0324496595683036
10 0.7581486310299869 0.2955236853541938 0.03780964797913938 0.04403882369984064
1 0.9009126466753585 0.25496161089381425 0.07822685788787481 0.06026365348399246
1 0.9726205997392438 0.2459220593344832 0.0547588005215124 0.060727212975789514
1 0.8265971316818775 0.32449659568303635 0.03129074315514984 0.03244965956830367
1 0.8787483702737942 0.3326090105751123 0.02868318122555408 0.04403882369984071
1 0.9647979139504562 0.34419817470664926 0.049543676662320735 0.04867448935245545
