2 0.45467799188640967 0.10547667342799188 0.25671906693711966 0.07302231237322516
2 0.44440922920892495 0.1876267748478702 0.17456896551724144 0.06288032454361053
2 0.4244421906693712 0.26267748478701824 0.34001014198782964 0.05882352941176471
2 0.8066683569979715 0.2525354969574036 0.0707403651115618 0.03448275862068964
2 0.6674695740365112 0.36004056795131845 0.04563894523326567 0.030425963488843806
2 0.6897185598377282 0.38945233265720075 0.04677991886409742 0.028397565922920833
2 0.7382099391480732 0.42697768762677485 0.05020283975659225 0.026369168356998002
2 0.786130831643002 0.48174442190669375 0.05933062880324527 0.050709939148073035
2 0.8523073022312374 0.5628803245436106 0.054766734279918836 0.050709939148073105
2 0.9361688640973631 0.6359026369168358 0.07416328600405678 0.054766734279918766
2 0.16372971602434078 0.7565922920892494 0.10154665314401624 0.11359026369168362
2 0.23960446247464504 0.6957403651115618 0.08443204868154158 0.10547667342799187
2 0.29950557809330625 0.6622718052738337 0.0832910750507099 0.07505070993914792
2 0.2869548681541582 0.5486815415821501 0.05590770791075052 0.04665314401622723
2 0.2869548681541582 0.48174442190669375 0.051343813387423935 0.03448275862068968
2 0.28752535496957404 0.4239350912778905 0.047920892494929035 0.03651115618661258
2 0.28695486815415816 0.3772819472616632 0.044497971602434065 0.0365111561866123
