2 0.20895522388059704 0.4993215739484396 0.03256445047489823 0.05306799336650087
2 0.23473541383989147 0.48364239409015525 0.03256445047489827 0.060304537916478225
2 0.26865671641791045 0.4739936680235188 0.027137042062415198 0.041007085783205215
2 0.301899592944369 0.45469621589024567 0.03392130257801899 0.050655811849841685
13 0.25712347354138404 0.33288104929895973 0.02578018995929444 0.06271671943313731
13 0.3317503392130259 0.3690637720488466 0.03392130257801902 0.0530679933665008
13 0.3887381275440977 0.3883612241821197 0.03392130257801902 0.05789235639981911
13 0.4362279511533243 0.3992160410070858 0.025780189959294403 0.04583144881652345
13 0.4966078697421981 0.4209256746570179 0.024423337856173646 0.050655811849841755
13 0.4002713704206242 0.215890245740992 0.04341926729986433 0.045831448816523415
13 0.4735413839891452 0.21709633649932158 0.029850746268656678 0.0434192672998643
13 0.5427408412483039 0.2195085180159807 0.04070556309362281 0.04824363033318257
13 0.6268656716417911 0.22553897180762852 0.046132971506105847 0.0361827227498869
