16 0.5739484396200814 0.4812302125734962 0.20624151967435544 0.08925071611638778
16 0.5691994572591588 0.2810191466907884 0.1424694708276798 0.0796019900497512
13 0.2652645861601085 0.11819689431629729 0.2835820895522388 0.19297452133273027
13 0.5658073270013568 0.14111261872455902 0.2550881953867028 0.18573797678275292
13 0.8629579375848033 0.14955525403286596 0.2469470827679784 0.17850143223277548
13 0.223202170963365 0.42695612844866576 0.11261872455902307 0.05789235639981904
13 0.18588873812754408 0.329262777023971 0.05970149253731339 0.1278456203829338
13 0.8412483039348712 0.6742047339062265 0.029850746268656678 0.08925071611638771
13 0.9043419267299865 0.6645560078395899 0.03663500678426047 0.09407507914970602
13 0.976933514246947 0.6657620985979196 0.0434192672998644 0.11096034976631998
