2 0.03537018255578093 0.6399594320486814 0.03422920892494928 0.04259634888438128
2 0.06959939148073023 0.6308316430020284 0.031947261663286 0.04056795131845831
2 0.10668103448275862 0.6176470588235294 0.046779918864097374 0.04259634888438136
2 0.13976926977687626 0.6004056795131846 0.05362576064908721 0.04462474645030426
13 0.06275354969574036 0.2839756592292089 0.041075050709939144 0.044624746450304224
13 0.10668103448275862 0.28498985801217036 0.03765212981744423 0.04259634888438128
13 0.2647058823529412 0.2981744421906694 0.04107505070993913 0.02434077079107503
13 0.3097743407707911 0.3022312373225152 0.03308823529411761 0.03651115618661262
13 0.351419878296146 0.3062880324543611 0.03422920892494929 0.02839756592292094
13 0.40105223123732253 0.30324543610547666 0.0353701825557809 0.04259634888438136
13 0.44783215010141986 0.30831643002028397 0.044497971602434065 0.04462474645030419
13 0.4940415821501014 0.3103448275862069 0.03651115618661258 0.032454361054766706
13 0.5408215010141988 0.3113590263691684 0.04107505070993909 0.03448275862068968
13 0.5858899594320487 0.32352941176470584 0.0353701825557809 0.03853955375253545
13 0.6463615618661258 0.31947261663286003 0.0536257606490873 0.026369168356998002
13 0.792406186612576 0.4472616632860041 0.0216784989858013 0.03448275862068968
13 0.8226419878296146 0.45537525354969577 0.02738336713995949 0.04259634888438128
13 0.8551597363083164 0.46754563894523327 0.023960446247464517 0.030425963488843806
13 0.8956643002028397 0.4776876267748479 0.03651115618661265 0.03853955375253548
13 0.9338869168356999 0.48275862068965514 0.026242393509127878 0.028397565922920906
13 0.9795258620689654 0.49391480730223125 0.026242393509127878 0.03853955375253548
13 0.42444219066937117 0.554766734279919 0.03422920892494929 0.054766734279918836
13 0.46152383367139954 0.5679513184584178 0.0285243407707911 0.04462474645030419
13 0.498605476673428 0.5801217038539553 0.029665314401622636 0.03651115618661258
13 0.39249492900608524 0.5446247464503042 0.03879310344827587 0.04665314401622723
13 0.3497084178498986 0.5365111561866126 0.03080628803245439 0.05070993914807296
13 0.3171906693711968 0.5192697768762677 0.029665314401622744 0.04462474645030426
13 0.28581389452332656 0.5121703853955375 0.03308823529411765 0.04665314401622716
13 0.2521551724137931 0.5 0.02966531440162271 0.050709939148073035
13 0.21678498985801217 0.4878296146044625 0.03422920892494929 0.04665314401622723
13 0.18997210953346857 0.47667342799188644 0.03765212981744423 0.052738336713995936
13 0.15973630831643004 0.46551724137931033 0.03651115618661258 0.054766734279918836
13 0.13064148073022314 0.4543610547667343 0.030806288032454374 0.052738336713996005
13 0.09698275862068967 0.44421906693711966 0.0342292089249493 0.05679513184584181
