12 0.7129360465116279 0.547568710359408 0.03686575052854124 0.0422832980972516
12 0.7581263213530656 0.5983086680761098 0.04637949260042276 0.0422832980972516
12 0.8235332980972515 0.6828752642706132 0.06540697674418595 0.07188160676532775
12 0.7337473572938689 0.4186046511627907 0.12843551797040179 0.09725158562367867
12 0.9091569767441859 0.41754756871035936 0.13676004228329802 0.08245243128964055
12 0.3989825581395349 0.2156448202959831 0.029730443974629994 0.03382663847780126
12 0.43168604651162795 0.2135306553911205 0.028541226215644783 0.03382663847780126
12 0.46557875264270604 0.2145877378435518 0.03686575052854117 0.04439746300211414
12 0.5018498942917548 0.2156448202959831 0.0356765327695561 0.03805496828752645
12 0.5422832980972515 0.2145877378435518 0.03567653276955589 0.04016913319238899
12 0.5803382663847779 0.2167019027484144 0.04043340380549686 0.04016913319238899
12 0.6273123678646934 0.21035940803382666 0.039244186046511725 0.04439746300211414
12 0.6719080338266384 0.2156448202959831 0.04281183932346721 0.03382663847780126
