22 0.6160108548168249 0.8683853459972863 0.0379918588873813 0.11578471279963821
22 0.6594301221166893 0.7863711744308759 0.03256445047489819 0.10613598673300174
22 0.6960651289009497 0.7152118196894315 0.027137042062415163 0.08442635308306948
22 0.7360922659430122 0.6259611035730438 0.03392130257801909 0.08925071611638771
22 0.7754409769335143 0.5548017488315995 0.031207598371777435 0.08201417156641028
22 0.8073270013568521 0.4860545756068144 0.024423337856173788 0.07960199004975124
22 0.8426051560379919 0.41248303934871106 0.029850746268656678 0.07718980853309212
22 0.8792401628222524 0.34011759384893714 0.027137042062415306 0.07718980853309208
22 0.9084124830393486 0.28463741896577716 0.02849389416553592 0.08683853459972862
20 0.5122116689280868 0.9595205789235641 0.1478968792401628 0.080958842152872
13 0.15332428765264586 0.9619327604402231 0.16010854816824968 0.07613447911955376
13 0.36770691994572585 0.3473541383989145 0.0217096336499322 0.05306799336650087
13 0.155359565807327 0.7320970903060454 0.031207598371777473 0.04583144881652345
13 0.17706919945725916 0.7067691843811247 0.028493894165535955 0.038594904266546166
13 0.19470827679782904 0.6681742801145787 0.03663500678426054 0.033770541233227785
13 0.2164179104477612 0.6500829187396352 0.025780189959294476 0.0361827227498869
13 0.2530529172320217 0.5946027438564753 0.025780189959294476 0.04100708578320507
13 0.2917232021709634 0.5306799336650083 0.03799185888738126 0.04341926729986433
13 0.3256445047489824 0.47278757726518916 0.018995929443690614 0.033770541233227785
13 0.3622795115332429 0.4257500376903362 0.027137042062415163 0.04583144881652345
13 0.3948439620081411 0.3690637720488467 0.027137042062415163 0.03859490426654602
13 0.42469470827679784 0.3172018694406754 0.029850746268656678 0.050655811849841685
13 0.45522388059701496 0.27137042062415195 0.031207598371777508 0.036182722749886945
13 0.49050203527815467 0.2207146087743103 0.03392130257801902 0.03135835971656867
13 0.5203527815468115 0.17367706919945725 0.03934871099050206 0.0385949042665461
