13 0.032564450474898234 0.13773556092053935 0.06512890094979647 0.07188301655783581
13 0.2198100407055631 0.032564450474898234 0.07869742198100405 0.06512890094979647
13 0.9423337856173675 0.05789235639981908 0.11533242876526384 0.11578471279963816
13 0.578697421981004 0.6307854666063621 0.03392130257801895 0.060304537916478156
13 0.6173677069199458 0.6609377355646012 0.03799185888738116 0.05789235639981904
13 0.6723202170963364 0.6971204583144882 0.05291723202170985 0.06271671943313734
13 0.7327001356852102 0.7284788180310567 0.04884667571234744 0.05789235639981896
13 0.7917232021709634 0.7550128147143073 0.05020352781546805 0.06271671943313734
13 0.8521031207598372 0.7839589929142169 0.06241519674355487 0.07718980853309204
13 0.9118046132971506 0.8104929895974672 0.04613297150610578 0.06754108246645557
13 0.9165535956580732 0.6500829187396352 0.03663500678426047 0.07477762701643292
13 0.9667571234735414 0.6790290969395447 0.04748982360922653 0.06995326398311477
13 0.1350067842605156 0.18815015829941203 0.03663500678426052 0.04341926729986433
13 0.17299864314789687 0.1616161616161616 0.03934871099050204 0.0434192672998643
13 0.20895522388059704 0.1387004372078999 0.0434192672998643 0.036182722749886945
13 0.24559023066485752 0.11940298507462685 0.0379918588873813 0.04583144881652343
13 0.2856173677069199 0.1013116236996834 0.04206241519674354 0.043419267299864304
13 0.31953867028493893 0.08322026232473995 0.04206241519674357 0.0506558118498417
13 0.36024423337856176 0.061510628674807784 0.03934871099050206 0.04100708578320519
22 0.7829036635006784 0.2544851500075381 0.09497964721845321 0.06030453791647826
22 0.8636363636363638 0.2026232473993668 0.08276797829036625 0.06754108246645557
22 0.9436906377204884 0.1664405246494799 0.07191316146540032 0.07718980853309214
