13 0.5972996957403651 0.11967545638945236 0.42786511156186613 0.08113590263691688
13 0.956959939148073 0.28823529102255796 0.08608012170385393 0.12210952727838173
13 0.2612829614604462 0.24137931034482762 0.03651115618661258 0.04056795131845842
13 0.32118407707910746 0.2677484787018256 0.03537018255578097 0.03651115618661258
13 0.3725278904665315 0.29310344827586204 0.023960446247464517 0.04665314401622716
13 0.4369929006085192 0.3103448275862069 0.031947261663286 0.032454361054766706
13 0.4997464503042596 0.33468559837728196 0.03879310344827587 0.04056795131845845
13 0.5744802231237323 0.35294117647058826 0.03993407707910748 0.04462474645030433
13 0.6788793103448276 0.3904665314401623 0.054766734279918836 0.04665314401622716
2 0.07587474645030426 0.4533468559837728 0.051343813387423935 0.05882352941176471
2 0.12094320486815416 0.4462474645030426 0.038793103448275856 0.04868154158215006
2 0.16087728194726167 0.43711967545638947 0.031947261663286035 0.03853955375253548
2 0.19738843813387427 0.43407707910750504 0.045638945233265706 0.04462474645030433
2 0.22933569979716023 0.41987829614604466 0.03422920892494929 0.04056795131845845
2 0.2595715010141988 0.4036511156186613 0.04221602434077077 0.04056795131845838
2 0.30578093306288034 0.39148073022312374 0.04563894523326567 0.04868154158215006
