3 0.41180461329715057 0.2014171566410372 0.0420624151967435 0.021709633649932166
13 0.40637720488466755 0.1628222523744912 0.20488466757123472 0.050655811849841685
13 0.8955223880597015 0.6163123775064073 0.05427408412483033 0.09407507914970609
13 0.9606512890094979 0.6440524649479873 0.0597014925373135 0.12543343886627467
13 0.8371777476255088 0.5933966530981456 0.0597014925373135 0.09648726066636513
13 0.7849389416553595 0.5584200211065883 0.0420624151967435 0.05548017488315992
13 0.1987788331071913 0.22192069953263985 0.02035278154681137 0.05789235639981911
13 0.2503392130257802 0.21468415498266244 0.02578018995929444 0.05789235639981911
13 0.291044776119403 0.22553897180762852 0.01763907734056989 0.05065581184984172
13 0.3242876526458616 0.23639378863259458 0.03256445047489823 0.03377054123322783
20 0.8025780189959295 0.21468415498266247 0.19945725915875173 0.15437961706618425
