17 0.2709812373225152 0.5892494929006085 0.32745943204868155 0.3184584178498986
17 0.20879817444219068 0.2849898580121704 0.32403651115618665 0.07099391480730226
17 0.5316937119675457 0.2789046653144016 0.2715517241379311 0.06288032454361055
17 0.8500253549695739 0.26774847870182555 0.2715517241379311 0.05679513184584177
17 0.1546019269776876 0.33772819472616633 0.16544117647058823 0.026369168356997933
17 0.3240365111561866 0.3367139959432049 0.15060851926977686 0.03651115618661258
17 0.4746450304259635 0.33468559837728196 0.15517241379310343 0.032454361054766706
17 0.6332403651115619 0.33062880324543614 0.14148073022312374 0.04056795131845838
17 0.782707910750507 0.3245436105476673 0.14148073022312374 0.03651115618661255
17 0.9213362068965517 0.3265720081135903 0.1334939148073022 0.032454361054766706
17 0.7519016227180526 0.4847870182555781 0.12778904665314386 0.03651115618661258
