13 0.19810040705563098 0.4812302125734962 0.029850746268656712 0.04583144881652345
13 0.2367706919945726 0.4896728478818031 0.031207598371777508 0.0385949042665461
13 0.27611940298507465 0.49932157394843957 0.0366350067842605 0.04824363033318257
13 0.3147896879240163 0.5137946630483944 0.029850746268656712 0.0530679933665008
13 0.34871099050203525 0.5234433891150309 0.03256445047489827 0.04341926729986419
13 0.3826322930800542 0.5330921151816674 0.02442333785617372 0.04824363033318257
13 0.42469470827679784 0.5463591135232926 0.0379918588873813 0.050655811849841685
13 0.19470827679782907 0.25086687773254934 0.03934871099050202 0.03859490426654602
13 0.24016282225237448 0.24845469621589025 0.03799185888738126 0.028946178199909554
13 0.28222523744911804 0.2544851500075381 0.03527815468113975 0.050655811849841685
13 0.32903663500678426 0.25327905924920846 0.0529172320217096 0.03859490426654602
13 0.3778833107191316 0.2568973315241972 0.03934871099050206 0.03618272274988698
13 0.42537313432835816 0.2593095130408563 0.03663500678426054 0.041007085783205215
13 0.47625508819538676 0.2617216945575154 0.054274084124830466 0.04100708578320518
13 0.5298507462686567 0.27016432986582245 0.044776119402985086 0.03859490426654606
13 0.6872455902306649 0.40042213176541536 0.028493894165536063 0.0385949042665461
13 0.717774762550882 0.41127694859038144 0.027137042062415306 0.04583144881652345
13 0.7523744911804613 0.4173074023820293 0.03392130257801909 0.03859490426654602
13 0.787652645861601 0.4233378561736771 0.02849389416553592 0.04583144881652345
13 0.8303934871099051 0.4305744007236545 0.046132971506105916 0.060304537916478225
13 0.8744911804613299 0.44625358058193876 0.028493894165535924 0.033770541233227785
13 0.9233378561736771 0.4534901251319161 0.03934871099050213 0.04341926729986433
2 0.9545454545454546 0.9216945538347562 0.09090909090909094 0.10179405264162142
