13 0.5613590263691683 0.48985801217038544 0.041075050709939165 0.05882352941176471
13 0.6149847870182555 0.5111561866125761 0.0502028397565924 0.06085192697768761
13 0.6691810344827586 0.5415821501014199 0.044497971602434065 0.07302231237322523
13 0.7268002028397567 0.39553752535496955 0.03651115618661265 0.056795131845841736
13 0.7718686612576064 0.42190669371196754 0.037652129817444265 0.052738336713996005
13 0.821501014198783 0.4340770791075051 0.03879310344827587 0.04868154158215006
13 0.869421906693712 0.4421906693711968 0.038793103448276016 0.06085192697768768
13 0.9093559837728193 0.44523326572008115 0.02966531440162271 0.050709939148073105
13 0.9042216024340769 0.2718052738336715 0.14033975659229242 0.06490872210953347
13 0.5967292089249493 0.04969574036511157 0.11409736308316433 0.09939148073022314
13 0.46038286004056794 0.034482758620689655 0.10382860040567948 0.06490872210953347
13 0.32232505070993916 0.02738336713995943 0.1152383367139959 0.05070993914807302
13 0.7832783975659229 0.5740365111561866 0.04906186612576065 0.06490872210953348
13 0.8922413793103448 0.5720081135902637 0.04335699797160245 0.06085192697768761
