10 0.12059973924380703 0.5562798783137767 0.07692307692307691 0.05562798783137758
10 0.2359843546284224 0.5087643053744749 0.05215123859191653 0.044038823699840676
10 0.3259452411994785 0.4739968129798639 0.04172099087353327 0.0394031580472258
10 0.4054758800521512 0.4322758221063306 0.049543676662320665 0.03476749239461107
10 0.44393741851368973 0.3488338403592641 0.043024771838331116 0.025496161089381388
10 0.48370273794002605 0.34188034188034194 0.03650586701434164 0.02549616108938146
10 0.5247718383311603 0.34188034188034194 0.02998696219035203 0.03476749239461107
10 0.5638852672750978 0.3407214254671882 0.03780964797913946 0.027813993915688826
10 0.6082138200782269 0.3372446762277271 0.03780964797913953 0.039403158047225835
10 0.6512385919165581 0.33840359264088077 0.032594524119947864 0.03244965956830363
10 0.6994784876140807 0.34651600753295675 0.04041720990873543 0.039403158047225835
10 0.7418513689700131 0.34188034188034194 0.02868318122555408 0.0394031580472258
1 0.8846153846153847 0.29900043459365494 0.08213820078226859 0.05562798783137772
1 0.9647979139504562 0.2911197994474775 0.07040417209908739 0.058409380149482076
1 0.8109517601043024 0.3708532522091844 0.02868318122555408 0.03708532522091843
1 0.8611473272490221 0.3789656671012604 0.024771838331160298 0.0394031580472258
1 0.9471968709256845 0.38707808199333626 0.045632333767927094 0.046356656526147975
