13 0.3141112618724559 0.4028343132820744 0.028493894165535955 0.04824363033318257
13 0.34328358208955223 0.4100708578320518 0.024423337856173646 0.043419267299864256
13 0.3751696065128901 0.4209256746570179 0.028493894165535924 0.060304537916478225
13 0.4104477611940298 0.4257500376903362 0.03392130257801902 0.05548017488315992
13 0.4382632293080055 0.4366048545153023 0.029850746268656678 0.0578923563998191
13 0.4701492537313433 0.4474596713402683 0.031207598371777508 0.050655811849841685
13 0.5074626865671641 0.4631388511985527 0.027137042062415233 0.04341926729986433
13 0.5386702849389416 0.46675712347354137 0.027137042062415163 0.04583144881652345
13 0.5746268656716418 0.48364239409015525 0.02849389416553592 0.05548017488315999
13 0.3541383989145183 0.215890245740992 0.046132971506105847 0.04100708578320518
13 0.3982360922659431 0.215890245740992 0.03663500678426054 0.04100708578320518
13 0.4402985074626865 0.2195085180159807 0.04206241519674357 0.03859490426654602
13 0.4830393487109905 0.22071460877431026 0.04070556309362289 0.0361827227498869
13 0.5264586160108549 0.22433288104929897 0.04070556309362267 0.03859490426654602
13 0.5698778833107191 0.22433288104929897 0.046132971506105847 0.033770541233227785
13 0.6200814111261873 0.23036333484094676 0.043419267299864256 0.0265339966832504
13 0.6628222523744911 0.23398160711593546 0.04748982360922661 0.0385949042665461
13 0.7089552238805971 0.23398160711593546 0.052917232021709566 0.04341926729986433
2 0.20827679782903666 0.5162068445650535 0.0366350067842605 0.033770541233227785
2 0.24626865671641796 0.4957033016734509 0.058344640434192706 0.041007085783205215
