22 0.3222523744911805 0.4860545756068144 0.08276797829036639 0.041007085783205215
22 0.4056987788331072 0.47037539574853005 0.07869742198100411 0.02894617819990955
22 0.48710990502035273 0.4751997587818484 0.06784260515603797 0.0385949042665461
22 0.5617367706919946 0.4631388511985527 0.0678426051560379 0.033770541233227716
22 0.6397557666214382 0.4595205789235639 0.06648575305291722 0.03135835971656867
22 0.7150610583446405 0.44987185285692743 0.07055630936227957 0.026533996683250436
22 0.7896879240162824 0.4462535805819388 0.062415196743555015 0.03377054123322786
22 0.8629579375848033 0.44263530830695 0.07598371777476245 0.026533996683250436
22 0.8236092265943011 0.40404040404040403 0.05698778833107198 0.03135835971656867
22 0.8860244233378561 0.3980099502487562 0.051560379918588806 0.0385949042665461
22 0.9457259158751696 0.3895673149404492 0.04884667571234744 0.03618272274988698
22 0.30597014925373134 0.4390170360319614 0.08276797829036632 0.0385949042665461
22 0.3914518317503392 0.43298658224031356 0.08548168249660783 0.045831448816523374
22 0.48303934871099047 0.43178049148198405 0.07869742198100405 0.03859490426654602
22 0.5610583446404341 0.4257500376903362 0.061058344640434116 0.041007085783205215
22 0.6343283582089552 0.4209256746570179 0.0637720488466757 0.045831448816523374
22 0.2130257801899593 0.43781094527363185 0.10040705563093624 0.041007085783205215
