13 0.344640434192673 0.2701643298658224 0.021709633649932128 0.07236544549977385
13 0.15061058344640435 0.7996381727725012 0.03256445047489823 0.08925071611638771
2 0.9491180461329715 0.6512890094979648 0.031207598371777577 0.08201417156641028
2 0.9416553595658073 0.730890999547716 0.03256445047489819 0.07718980853309233
2 0.9246947082767979 0.7924016282225237 0.03663500678426061 0.07960199004975124
2 0.9111261872455901 0.861148801447309 0.0420624151967435 0.08201417156641028
2 0.9002713704206241 0.9407507914970601 0.03934871099050199 0.07236544549977396
2 0.9552238805970148 0.5933966530981456 0.04070556309362289 0.06271671943313742
2 0.9728629579375848 0.5318860244233379 0.03527815468113985 0.060304537916478156
2 0.983717774762551 0.46434494195688225 0.029850746268656678 0.06512890094979654
