2 0.4717925963488844 0.0720081135902637 0.2818204868154158 0.09939148073022314
2 0.44155679513184587 0.15720081135902636 0.22363083164300207 0.06693711967545637
2 0.4518255578093306 0.2525354969574036 0.34457403651115615 0.04665314401622716
2 0.7039807302231238 0.37322515212981744 0.03651115618661265 0.032454361054766706
2 0.7370689655172413 0.4026369168356998 0.041075050709939234 0.02231237322515213
2 0.795829107505071 0.45030425963488846 0.05590770791075059 0.04868154158215006
2 0.8585826572008114 0.5162271805273834 0.06275354969574039 0.05070993914807296
2 0.9344574036511156 0.6115618661257607 0.06389452332657186 0.050709939148073105
2 0.11295638945233266 0.8458417849898581 0.12322515212981745 0.12981744421906696
2 0.2042342799188641 0.7738336713995944 0.10953346855983773 0.10750507099391485
2 0.26641734279918866 0.7271805273833671 0.09241886409736307 0.07099391480730219
2 0.26185344827586204 0.6004056795131846 0.07188133874239348 0.04462474645030426
2 0.26071247464503045 0.5111561866125761 0.05590770791075055 0.04868154158215006
2 0.2612829614604463 0.4411764705882353 0.054766734279918905 0.03448275862068968
2 0.2629944219066937 0.38843813387423937 0.058189655172413805 0.04259634888438136
2 0.872844827586207 0.25557809330628806 0.08443204868154154 0.052738336713995936
