2 0.7275097783572361 0.3859191655801826 0.06518904823989573 0.06258148631029982
2 0.8233376792698825 0.4612487324351731 0.06910039113428937 0.06489931913660733
2 0.9211212516297264 0.5133999710270897 0.08735332464146026 0.08112414892075911
2 0.6584093872229465 0.2955236853541938 0.06258148631029989 0.04867448935245545
2 0.5971316818774447 0.23757786469650877 0.0547588005215124 0.044038823699840676
2 0.5449804432855281 0.1865855425177459 0.049543676662320735 0.039403158047225835
2 0.5136897001303781 0.15645371577574968 0.0469361147327249 0.04403882369984064
2 0.2320730117340287 0.046356656526148045 0.05475880052151233 0.050992322178762844
2 0.29335071707953064 0.047515572939301746 0.05997392438070403 0.05331015500507025
2 0.3474576271186441 0.04287990728668695 0.05606258148631031 0.034767492394611035
2 0.4048239895697523 0.040562074460379544 0.05606258148631035 0.03940315804722584
2 0.6675358539765319 0.03360857598145734 0.08083441981747065 0.04403882369984065
