12 0.817470664928292 0.3696943357960307 0.27640156453715775 0.1135738084890627
12 0.8292046936114733 0.6223381138635377 0.07040417209908739 0.06721715196291463
12 0.7679269882659713 0.5470085470085471 0.0547588005215124 0.050992322178762844
12 0.7229465449804432 0.4913805591771694 0.04823989569752286 0.04172099087353324
12 0.41329856584093877 0.17267854555990148 0.02607561929595825 0.03476749239461105
12 0.4471968709256845 0.17036071273359407 0.02607561929595825 0.039403158047225856
12 0.4817470664928292 0.1715196291467478 0.02998696219035203 0.03708532522091845
12 0.516297262059974 0.16456613066782558 0.02868318122555415 0.04172099087353326
12 0.5521512385919166 0.16688396349413298 0.0273794002607562 0.050992322178762865
12 0.5919165580182529 0.17267854555990148 0.03389830508474567 0.04403882369984066
12 0.6355932203389831 0.16456613066782558 0.02737940026075627 0.03708532522091845
12 0.6773142112125163 0.1715196291467478 0.03780964797913953 0.04172099087353326
