2 0.5510902636916836 0.12677484787018256 0.5636409736308317 0.17647058823529413
2 0.393065415821501 0.27079107505070993 0.1836967545638945 0.11156186612576065
2 0.5841784989858012 0.2728194726166329 0.191683569979716 0.11156186612576068
2 0.26755831643002026 0.41987829614604466 0.07872718052738331 0.05679513184584181
2 0.35256085192697767 0.42697768762677485 0.07302231237322512 0.06693711967545639
2 0.4335699797160244 0.41987829614604466 0.07074036511156187 0.05679513184584181
2 0.5208544624746451 0.42292089249492903 0.09698275862068961 0.05882352941176471
2 0.6212601419878296 0.42089249492900604 0.08785496957403645 0.06288032454361059
2 0.7410623732251521 0.4168356997971603 0.11980223123732259 0.054766734279918905
2 0.9298935091277889 0.6196754563894523 0.07074036511156194 0.06288032454361044
2 0.9709685598377282 0.6683569979716023 0.054766734279918836 0.06288032454361044
2 0.1768509127789047 0.8580121703853955 0.09584178498985801 0.08924949290060852
2 0.18312626774847868 0.7352941176470589 0.09241886409736308 0.07505070993914814
2 0.18027383367139962 0.6490872210953347 0.09127789046653145 0.04868154158215013
