13 0.30529172320217096 0.05789235639981909 0.16010854816824968 0.11578471279963817
13 0.4816824966078697 0.0639228101914669 0.1628222523744912 0.11819689431629729
13 0.6743554952510177 0.07236544549977385 0.1709633649932158 0.11578471279963816
13 0.880597014925373 0.06995326398311473 0.1573948439620081 0.12060907583295644
13 0.8595658073270013 0.1929745213327303 0.101763907734057 0.08201417156641037
13 0.7442333785617368 0.18815015829941203 0.10447761194029852 0.07236544549977386
13 0.6377204884667571 0.18211970450776419 0.09226594301221169 0.07477762701643297
13 0.5230664857530529 0.17850143223277548 0.101763907734057 0.07236544549977385
13 0.41587516960651283 0.17367706919945725 0.09633649932157397 0.08201417156641036
13 0.3052917232021709 0.17126488768279813 0.0976933514246947 0.07718980853309212
