13 0.3799442190669369 0.1622718052738335 0.1414807302231242 0.07707910750507126
13 0.2418864097363083 0.3022312373225152 0.02966531440162271 0.04462474645030426
13 0.32118407707910746 0.3103448275862069 0.04449797160243403 0.04868154158215006
13 0.3981997971602435 0.29918864097363085 0.027383367139959418 0.03853955375253548
13 0.4535370182555781 0.2809330628803245 0.03308823529411768 0.050709939148073105
13 0.5316937119675456 0.2535496957403651 0.05704868154158213 0.04462474645030426
13 0.6229716024340771 0.1876267748478702 0.02738336713995937 0.03448275862068966
22 0.8277763691683567 0.04969574036511155 0.04677991886409834 0.038539553752535524
22 0.8905299188640974 0.029411764705882356 0.0034229208924949715 0.018255578093306288
22 0.9122084178498986 0.06693711967545639 0.04221602434077085 0.04462474645030426
22 0.9595588235294117 0.06592292089249492 0.03879310344827587 0.03448275862068966
