13 0.40027137042062416 0.7291572440826173 0.7951153324287652 0.5416855118347655
13 0.39009497964721845 0.17970752299110507 0.03392130257801895 0.04583144881652343
13 0.4565807327001357 0.2195085180159807 0.03934871099050206 0.04824363033318257
13 0.5332428765264586 0.2605156037991859 0.0379918588873813 0.05306799336650087
13 0.605156037991859 0.2991105080657319 0.04341926729986433 0.06271671943313734
13 0.6736770691994574 0.3413236846072667 0.03934871099050199 0.055480174883159886
13 0.7435549525101764 0.38233077039047186 0.03527815468113971 0.060304537916478225
13 0.7883310719131614 0.35579677370722146 0.04884667571234729 0.0796019900497512
13 0.8527815468113977 0.39559776873209707 0.05020352781546805 0.0723654454997738
13 0.9233378561736771 0.4257500376903362 0.05834464043419274 0.05548017488315992
13 0.9810040705563091 0.456143521119544 0.03799185888738136 0.0487260592751206
13 0.5753052917232021 0.09286898839137646 0.09226594301221155 0.10372380521634256
