13 0.21573948439620083 0.42575003769033615 0.04070556309362281 0.060304537916478225
13 0.2510176390773406 0.4426353083069501 0.040705563093622776 0.05548017488315992
13 0.2957937584803257 0.4462535805819388 0.040705563093622776 0.05789235639981904
13 0.3378561736770692 0.4631388511985527 0.037991858887381366 0.0530679933665008
13 0.2259158751696065 0.1531735263078547 0.050203527815468156 0.0506558118498417
13 0.2774762550881954 0.15437961706618425 0.04206241519674354 0.04341926729986433
13 0.32903663500678426 0.15799788934117293 0.0529172320217096 0.050655811849841685
13 0.3833107191316147 0.15799788934117293 0.04748982360922661 0.055480174883159934
13 0.4402985074626865 0.16644052464947987 0.04748982360922661 0.03859490426654602
13 0.49592944369063774 0.16764661540780942 0.06648575305291729 0.05065581184984172
13 0.6696065128900949 0.31599577868234585 0.02849389416553592 0.04824363033318257
13 0.7042062415196745 0.326850595507312 0.03256445047489834 0.055480174883159955
13 0.7415196743554953 0.3352932308156189 0.03392130257801895 0.04824363033318253
13 0.7883310719131614 0.3449419568822553 0.03799185888738123 0.04824363033318257
13 0.8351424694708277 0.357002864465551 0.04206241519674364 0.05789235639981911
13 0.8867028493894165 0.3690637720488466 0.047489823609226677 0.0530679933665008
13 0.9375848032564451 0.3895673149404493 0.04341926729986412 0.07477762701643292
2 0.9579375848032565 0.8987788294264945 0.084124830393487 0.11867932325823531
