22 0.7706919945725916 0.04341926729986431 0.07327001356852093 0.05306799336650084
22 0.8534599728629578 0.0168852706166139 0.07327001356852109 0.0337705412332278
13 0.5142469470827681 0.3473541383989145 0.02985074626865675 0.05306799336650087
13 0.5515603799185889 0.3702698628071762 0.03392130257801895 0.05548017488315999
13 0.5970149253731344 0.39680385949042657 0.04070556309362274 0.060304537916478225
13 0.6417910447761193 0.4197195838986883 0.043419267299864256 0.0530679933665008
13 0.6899592944369064 0.4414292175486205 0.04748982360922653 0.06754108246645557
13 0.7469470827679783 0.4643449419568823 0.052917232021709566 0.05548017488315999
13 0.7910447761194029 0.4896728478818031 0.04613297150610578 0.06754108246645557
13 0.8493894165535957 0.5198251168400422 0.04613297150610578 0.06512890094979654
13 0.9077340569877883 0.5463591135232927 0.04884667571234729 0.06512890094979654
13 0.9579375848032563 0.5656565656565656 0.04884667571234744 0.06512890094979654
13 0.8175033921302577 0.37630031659882407 0.03934871099050199 0.06754108246645557
13 0.860922659430122 0.3968038594904267 0.03934871099050213 0.07477762701643301
13 0.9104477611940299 0.4281622192069953 0.048846675712347444 0.05548017488315999
13 0.9633649932157392 0.44866576209859815 0.043419267299864846 0.06754108246645557
