10 0.13168187744458928 0.6014776184267709 0.08344198174706646 0.0672171519629147
10 0.27249022164276404 0.5539620454874692 0.06518904823989569 0.06489931913660733
10 0.3885267275097783 0.5041286397218601 0.059973924380703994 0.04867448935245548
10 0.4863102998696219 0.4554541503694046 0.05215123859191657 0.04867448935245548
10 0.5293350717079531 0.345357091119803 0.0547588005215124 0.03708532522091843
10 0.5867014341590613 0.3430392582934957 0.0469361147327249 0.04172099087353324
10 0.636245110821382 0.33956250905403446 0.05475880052151247 0.04867448935245541
10 0.6897001303780965 0.34072142546718814 0.04172099087353331 0.04172099087353327
10 0.7418513689700131 0.33840359264088077 0.04172099087353317 0.04172099087353327
10 0.7985658409387223 0.33376792698826596 0.03780964797913953 0.050992322178762886
10 0.8565840938722294 0.3326090105751123 0.036505867014341505 0.04403882369984071
10 0.9152542372881356 0.33840359264088077 0.039113428943937406 0.04635665652614808
