2 0.44783215010141986 0.1460446247464503 0.4871957403651115 0.0892494929006085
2 0.44269776876267747 0.21095334685598377 0.15289046653144012 0.05679513184584181
2 0.4438387423935092 0.2738336713995943 0.23732251521298176 0.04056795131845842
2 0.7461967545638944 0.2657200811359026 0.0707403651115618 0.03651115618661258
2 0.20594574036511154 0.6926977687626774 0.09013691683569977 0.0912778904665315
2 0.27155172413793105 0.6308316430020284 0.07530425963488846 0.06085192697768754
2 0.3120562880324544 0.6064908722109533 0.060471602434077065 0.06085192697768761
2 0.31091531440162273 0.5233265720081135 0.04677991886409732 0.03651115618661265
2 0.30692190669371194 0.4665314401622718 0.04563894523326575 0.03651115618661251
2 0.3092038539553753 0.4056795131845841 0.04107505070993913 0.028397565922920833
2 0.30920385395537525 0.3711967545638945 0.047920892494928966 0.03245436105476681
2 0.6452205882352942 0.38336713995943206 0.037652129817444265 0.032454361054766706
2 0.6811612576064908 0.41582150101419885 0.043356997971602314 0.03651115618661258
2 0.7250887423935092 0.4614604462474645 0.04221602434077085 0.03853955375253548
2 0.7792849898580121 0.5304259634888437 0.05020283975659225 0.050709939148073105
2 0.8523073022312373 0.5892494929006085 0.05933062880324542 0.054766734279918836
2 0.9213362068965517 0.6288032454361056 0.06275354969574039 0.05679513184584188
