13 0.24188640973630826 0.29006085192697767 0.0661764705882353 0.05679513184584177
13 0.30920385395537525 0.3052738336713996 0.05933062880324549 0.05476673427991887
13 0.3736688640973631 0.3042596348884381 0.058189655172413736 0.0527383367139959
13 0.4381338742393509 0.30628803245436104 0.06161257606490878 0.05679513184584177
13 0.514579107505071 0.3123732251521298 0.05933062880324549 0.06085192697768761
13 0.5784736308316429 0.3113590263691684 0.05933062880324549 0.050709939148073035
13 0.6566303245436106 0.31643002028397565 0.06959939148073012 0.04462474645030419
13 0.7302231237322516 0.32454361054766734 0.057048681541582054 0.04462474645030426
13 0.8112322515212982 0.32758620689655177 0.04107505070993909 0.03853955375253552
13 0.037652129817444216 0.33468559837728196 0.03651115618661257 0.04056795131845845
13 0.07815669371196755 0.3356997971602434 0.035370182555780935 0.03853955375253552
13 0.11866125760649088 0.3387423935091278 0.03651115618661256 0.04056795131845845
13 0.15346095334685597 0.3397565922920892 0.028524340770791082 0.046653144016227194
13 0.19339503042596348 0.3407707910750507 0.030806288032454353 0.04462474645030426
13 0.23104716024340768 0.3448275862068966 0.035370182555780935 0.032454361054766706
13 0.2709812373225152 0.3448275862068965 0.03308823529411765 0.03651115618661258
13 0.3126267748478702 0.3478701825557809 0.03651115618661255 0.026369168356998002
13 0.35027890466531447 0.3438133874239351 0.027383367139959418 0.030425963488843806
13 0.3907834685598378 0.3509127789046654 0.028524340770791027 0.028397565922920906
13 0.4267241379310345 0.3488843813387424 0.03422920892494929 0.028397565922920906
13 0.4632352941176471 0.35294117647058826 0.03422920892494922 0.032454361054766706
13 0.5071627789046653 0.3539553752535497 0.0353701825557809 0.034482758620689606
13 0.5431034482758621 0.3549695740365111 0.03422920892494929 0.032454361054766775
13 0.5876014198782962 0.35902636916835706 0.041075050709939165 0.032454361054766775
13 0.6292469574036511 0.36004056795131845 0.04221602434077077 0.030425963488843806
13 0.6748859026369167 0.35902636916835706 0.03308823529411768 0.032454361054766775
13 0.7171019269776876 0.36612576064908725 0.03308823529411768 0.030425963488843806
13 0.7969700811359027 0.5294117647058824 0.021678498985801157 0.04462474645030419
13 0.7707276876267748 0.5172413793103448 0.019396551724138077 0.04056795131845838
13 0.7427738336713995 0.5101419878296146 0.015973630831642965 0.04259634888438128
13 0.7233772819472617 0.5020283975659229 0.018255578093306184 0.050709939148073035
13 0.6942824543610547 0.48985801217038544 0.019396551724137935 0.054766734279918905
13 0.6726039553752536 0.4858012170385396 0.014832657200811354 0.05882352941176478
13 0.6463615618661257 0.47363083164300207 0.021678498985801226 0.05882352941176471
13 0.622971602434077 0.4645030425963489 0.0182555780933064 0.04868154158215006
13 0.6001521298174441 0.46247464503042596 0.020537525354969687 0.052738336713995936
13 0.5779031440162271 0.45740365111561865 0.017114604462474717 0.05882352941176478
13 0.8220715010141988 0.539553752535497 0.023960446247464517 0.04462474645030426
13 0.8511663286004056 0.5496957403651116 0.025101419878296127 0.04056795131845831
13 0.8785496957403651 0.5598377281947262 0.02281947261663291 0.04056795131845838
13 0.9104969574036511 0.5760649087221096 0.020537525354969544 0.04462474645030433
13 0.9384508113590263 0.5801217038539553 0.023960446247464375 0.052738336713996005
13 0.9709685598377282 0.59026369168357 0.03194726166328607 0.052738336713995936
13 0.7530425963488844 0.4645030425963489 0.02510141987829627 0.03651115618661258
13 0.8089503042596349 0.3691683569979716 0.03651115618661251 0.02434077079107503
13 0.7712981744421907 0.372210953346856 0.02966531440162271 0.03853955375253548
13 0.2184964503042596 0.6105476673427992 0.049061866125760606 0.07302231237322516
13 0.26812880324543614 0.6135902636916836 0.0410750507099392 0.08722109533468575
13 0.32517748478701824 0.6430020283975659 0.045638945233265706 0.07302231237322523
13 0.3719574036511156 0.6602434077079107 0.03879310344827587 0.08316430020283974
13 0.42843559837728196 0.6744421906693711 0.051343813387423935 0.0912778904665315
13 0.48377281947261663 0.693711967545639 0.04107505070993909 0.09330628803245432
13 0.5345461460446248 0.7068965517241379 0.03993407707910755 0.08316430020283974
13 0.5961587221095335 0.7241379310344821 0.049061866125760564 0.08113590263691688
13 0.6532074036511156 0.7383367139959433 0.051343813387424005 0.08113590263691677
13 0.029665314401622712 0.5415821501014199 0.047920892494929 0.07707910750507097
13 0.08100912778904665 0.5588235294117647 0.04792089249492899 0.08316430020283974
13 0.12607758620689655 0.5801217038539553 0.046779918864097374 0.06896551724137928
13 0.17228701825557807 0.5953346855983773 0.04107505070993913 0.07910750507099387
2 0.05362576064908721 0.7454361054766734 0.06845841784989856 0.07099391480730219
