2 0.3059701492537314 0.22915724408261717 0.13704206241519676 0.08683853459972862
2 0.451831750339213 0.23156942559927635 0.1465400271370421 0.07236544549977385
2 0.4280868385345997 0.10758329196230024 0.8561736770691994 0.17560682177417836
2 0.20895522388059704 0.35700286446555096 0.0651289009497965 0.04341926729986433
2 0.28290366350067847 0.3545906829488919 0.0637720488466757 0.04824363033318257
2 0.3507462686567165 0.35941504598221014 0.05020352781546812 0.03859490426654602
2 0.4192672998643148 0.3557967737072215 0.073270013568521 0.060304537916478225
2 0.5 0.35338459219056234 0.07191316146540032 0.05548017488315992
2 0.584124830393487 0.357002864465551 0.0800542740841248 0.06271671943313734
2 0.7360922659430122 0.5137946630483944 0.055630936227951226 0.03859490426654602
2 0.776797829036635 0.55359565807327 0.061058344640434116 0.04583144881652345
2 0.8548168249660787 0.6126941052314188 0.0678426051560379 0.06754108246645557
2 0.9369063772048847 0.714005728931102 0.08276797829036639 0.07236544549977396
2 0.9531886024423337 0.346389262111554 0.09362279511533245 0.07043569292505271
