13 0.780000 0.220000 0.120000 0.050000
13 0.880000 0.220000 0.120000 0.050000
13 0.980000 0.220000 0.120000 0.050000
13 0.680000 0.220000 0.120000 0.050000
13 0.580000 0.220000 0.120000 0.050000
13 0.480000 0.220000 0.120000 0.050000
13 0.380000 0.220000 0.120000 0.050000
13 0.280000 0.220000 0.120000 0.050000
13 0.180000 0.220000 0.120000 0.050000
13 0.080000 0.220000 0.120000 0.050000
6 0.510000 0.420000 0.120000 0.050000
16 0.320000 0.340000 0.120000 0.050000
16 0.620000 0.340000 0.120000 0.050000