2 0.230000 0.000000 0.310000 0.070000
2 0.370000 0.000000 0.310000 0.070000
2 0.510000 0.000000 0.310000 0.070000
2 0.650000 0.000000 0.310000 0.070000
2 0.790000 0.000000 0.310000 0.070000
2 0.930000 0.000000 0.310000 0.070000
2 0.230000 0.000000 0.310000 0.070000
2 0.370000 0.000000 0.310000 0.070000
2 0.510000 0.000000 0.310000 0.070000
2 0.650000 0.000000 0.310000 0.070000
2 0.790000 0.000000 0.310000 0.070000
2 0.930000 0.000000 0.310000 0.070000
2 0.230000 0.130000 0.310000 0.070000
2 0.370000 0.130000 0.310000 0.070000
2 0.510000 0.130000 0.310000 0.070000
2 0.650000 0.130000 0.310000 0.070000
2 0.790000 0.130000 0.310000 0.070000
2 0.930000 0.130000 0.310000 0.070000