2 0.000000 0.280000 0.050000 0.050000
13 0.300000 0.150000 0.050000 0.030000
13 0.350000 0.150000 0.050000 0.030000
13 0.400000 0.150000 0.050000 0.030000
13 0.450000 0.150000 0.050000 0.030000
13 0.500000 0.150000 0.050000 0.030000
13 0.550000 0.150000 0.050000 0.030000
13 0.600000 0.150000 0.050000 0.030000
13 0.650000 0.150000 0.050000 0.030000
13 0.700000 0.150000 0.050000 0.030000
13 0.750000 0.150000 0.050000 0.030000
13 0.800000 0.150000 0.050000 0.030000
13 0.850000 0.150000 0.050000 0.030000
13 0.900000 0.150000 0.050000 0.030000