1 0.840000 0.270000 0.180000 0.050000
16 0.080000 0.420000 0.050000 0.050000
16 0.150000 0.370000 0.050000 0.050000
16 0.220000 0.320000 0.050000 0.050000
16 0.290000 0.270000 0.050000 0.050000
16 0.360000 0.220000 0.050000 0.050000
16 0.430000 0.170000 0.050000 0.050000
16 0.500000 0.120000 0.050000 0.050000
16 0.570000 0.070000 0.050000 0.050000
16 0.640000 0.020000 0.050000 0.050000
16 0.710000 0.000000 0.050000 0.050000
16 0.780000 0.000000 0.050000 0.050000
16 0.850000 0.000000 0.050000 0.050000
16 0.920000 0.000000 0.050000 0.050000
16 0.990000 0.000000 0.050000 0.050000