22 0.280000 0.000000 0.320000 0.050000
22 0.400000 0.000000 0.450000 0.050000
22 0.530000 0.000000 0.580000 0.050000
22 0.660000 0.000000 0.710000 0.050000
22 0.790000 0.000000 0.840000 0.050000
22 0.920000 0.000000 0.970000 0.050000
22 0.280000 0.050000 0.320000 0.050000
22 0.400000 0.050000 0.450000 0.050000
22 0.530000 0.050000 0.580000 0.050000
22 0.660000 0.050000 0.710000 0.050000
22 0.790000 0.050000 0.840000 0.050000
22 0.920000 0.050000 0.970000 0.050000
22 0.280000 0.100000 0.320000 0.050000
22 0.400000 0.100000 0.450000 0.050000
22 0.530000 0.100000 0.580000 0.050000
22 0.660000 0.100000 0.710000 0.050000
22 0.790000 0.100000 0.840000 0.050000
22 0.920000 0.100000 0.970000 0.050000