2 0.180000 0.000000 0.270000 0.040000
2 0.300000 0.000000 0.390000 0.040000
2 0.420000 0.000000 0.510000 0.040000
2 0.540000 0.000000 0.630000 0.040000
2 0.660000 0.000000 0.750000 0.040000
2 0.780000 0.000000 0.870000 0.040000
2 0.900000 0.000000 1.000000 0.040000
2 0.900000 0.090000 1.000000 0.040000
2 0.900000 0.180000 1.000000 0.040000
2 0.900000 0.270000 1.000000 0.040000
2 0.900000 0.360000 1.000000 0.040000
2 0.900000 0.450000 1.000000 0.040000
2 0.900000 0.540000 1.000000 0.040000
2 0.900000 0.630000 1.000000 0.040000
2 0.900000 0.720000 1.000000 0.040000
2 0.900000 0.810000 1.000000 0.040000
2 0.900000 0.900000 1.000000 0.040000