6 0.310000 0.680000 0.180000 0.080000
13 0.000000 0.170000 0.050000 0.040000
13 0.080000 0.170000 0.050000 0.040000
13 0.160000 0.170000 0.050000 0.040000
13 0.240000 0.170000 0.050000 0.040000
13 0.320000 0.170000 0.050000 0.040000
13 0.400000 0.170000 0.050000 0.040000
13 0.480000 0.170000 0.050000 0.040000
13 0.560000 0.170000 0.050000 0.040000
13 0.640000 0.170000 0.050000 0.040000
13 0.720000 0.170000 0.050000 0.040000
13 0.800000 0.170000 0.050000 0.040000
13 0.880000 0.170000 0.050000 0.040000
13 0.960000 0.170000 0.050000 0.040000